 omega=
    0.6283185307179587E-02
 rk=
    0.6283185307179587E-02
    0.0000000000000000E+00
 radius=
    0.6000000000000000E+02
 nterms=
               3
 itype_mp=
               1
 n=
               1
 m=
              -1
 outgoing ampole=
    0.0000000000000000E+00
    0.0000000000000000E+00
   -0.3312273860645507E-06
   -0.5755072939228725E-03
   -0.2441716328539371E-18
   -0.5516397300812574E-19
   -0.6230858068543514E-17
   -0.5075838842263509E-17
   -0.5706333776777470E-19
   -0.4829710061158643E-19
    0.1121684797937339E-15
   -0.5170124378997136E-18
   -0.3086146715033564E-19
   -0.1349291336704005E-19
    0.8499898063976095E-19
    0.3247967242232388E-19
    0.6406477079446944E-20
   -0.7488365947189525E-19
   -0.1973249380008897E-20
    0.1906905371502848E-20
   -0.1955810670111768E-20
    0.1045720682460251E-20
   -0.2846954617536741E-09
   -0.4946533822294378E-06
   -0.8877398481932346E-21
   -0.9969872838859727E-21
   -0.7603770748074428E-21
   -0.3446594649553495E-20
    0.2256415238894590E-20
   -0.2732493691062235E-20
   -0.9437468649505771E-21
    0.4254342984970756E-21
 outgoing bmpole=
    0.0000000000000000E+00
    0.0000000000000000E+00
   -0.1988595426880392E-12
    0.1617562462749704E-15
    0.2941026644076570E-15
   -0.4193241298105865E-15
    0.6626525174756359E-18
   -0.3380377042434621E-18
    0.5722705765973318E-18
   -0.1736115696137949E-18
   -0.1036672674438747E-08
   -0.1805589366509170E-05
    0.1068503214981228E-16
    0.3026431757054853E-17
    0.6280372100182092E-17
    0.5232051160614265E-17
   -0.1664164548848486E-19
    0.9262479639166986E-20
   -0.1324954053744982E-19
    0.5230208509281243E-20
    0.3190023241254928E-19
   -0.5683153501224853E-19
   -0.3381295225503905E-15
    0.3959988262553750E-19
    0.5717170856554003E-18
    0.1910928145808936E-19
   -0.1476025781501173E-18
   -0.6134680657502810E-19
   -0.4470730121584990E-20
    0.4489188736854818E-19
    0.1270701775821488E-21
   -0.3410831082468203E-22
 itype_mp=
               1
 n=
               1
 m=
               0
 outgoing ampole=
    0.0000000000000000E+00
    0.0000000000000000E+00
    0.2547644168701157E-17
   -0.7065850918824797E-18
   -0.1293991473919528E-06
   -0.3597187653918672E-03
   -0.2551890185245544E-17
   -0.6906111667376686E-18
   -0.7341178554124897E-19
    0.3042140306165641E-19
    0.1560756175912950E-18
   -0.5394048783513215E-19
   -0.1491261537592674E-21
   -0.4243598198270573E-18
   -0.1576429947922504E-18
   -0.5474611276100298E-19
    0.7330317397893665E-19
    0.3035666415013034E-19
   -0.1224588677167334E-20
   -0.1454301462667484E-20
    0.2511172135216564E-20
   -0.5701509289969401E-20
    0.2743244496876093E-20
   -0.3525089743790836E-20
   -0.1363189149286946E-09
   -0.3789542453039038E-06
   -0.2741672839416525E-20
   -0.3526347905746502E-20
   -0.2514888101922831E-20
   -0.5711206750890144E-20
    0.1222005474215171E-20
   -0.1455471845882057E-20
 outgoing bmpole=
    0.0000000000000000E+00
    0.0000000000000000E+00
   -0.5173146776610448E-16
   -0.7280857511526545E-16
   -0.2556504196258043E-11
   -0.3496532796587816E-14
   -0.5219393900862430E-16
    0.7186248173228822E-16
   -0.4899780168545645E-17
    0.4088267680073195E-17
   -0.2610248301243840E-17
    0.7483751293372068E-18
   -0.9357180360986104E-20
    0.7903842113254362E-24
   -0.2625664154232422E-17
   -0.7873086291998871E-18
   -0.4895388021297038E-17
   -0.4067057293228785E-17
    0.4231236276363055E-20
    0.4587116894886619E-19
    0.8831576516102818E-19
   -0.3579920420919032E-19
   -0.1204366080171218E-18
    0.7029044247699518E-19
    0.1484542648279452E-14
   -0.5184631987122185E-17
   -0.1212833170512716E-18
   -0.7008128872664100E-19
    0.8877250930048509E-19
    0.3521381927967670E-19
    0.4152655493354647E-20
   -0.4567041478804660E-19
 itype_mp=
               1
 n=
               1
 m=
               1
 outgoing ampole=
    0.0000000000000000E+00
    0.0000000000000000E+00
    0.6177200746567268E-17
   -0.5087481145691666E-17
    0.2450704871627287E-18
   -0.5004906396524009E-19
   -0.3312273860645623E-06
   -0.5755072939228710E-03
   -0.6596948587738502E-20
   -0.7465680576539070E-19
   -0.8447250883032586E-19
    0.3188043621646280E-19
    0.3022504619777157E-19
   -0.1161461550525339E-19
   -0.1121688883766041E-15
   -0.1338549225165455E-17
    0.5726343985794617E-19
   -0.4759888342529294E-19
    0.9451513248080640E-21
    0.4188968722556782E-21
   -0.2260277503502679E-20
   -0.2730570918638295E-20
    0.7361961216063661E-21
   -0.3468873730030891E-20
    0.8647543578470427E-21
   -0.1001110794747315E-20
   -0.2846954617536934E-09
   -0.4946533822294377E-06
    0.1963050326281908E-20
    0.1075385717009610E-20
    0.1978039591308539E-20
    0.1907992155916380E-20
 outgoing bmpole=
    0.0000000000000000E+00
    0.0000000000000000E+00
    0.8763230274512441E-18
    0.3785803138285774E-18
    0.2922146936964367E-15
    0.4208166731100764E-15
   -0.1988597305015069E-12
   -0.2285819722063930E-15
   -0.1525484169777779E-19
   -0.7755828607287698E-20
    0.6264603627450719E-17
   -0.5239687141980381E-17
    0.1067449415310636E-16
   -0.3002858232742140E-17
    0.1036672674436449E-08
    0.1805589366508974E-05
    0.5722363345284254E-18
    0.1612587432558300E-18
    0.1765606677983541E-21
    0.1674651182451055E-21
   -0.4639800336810080E-20
   -0.4479076625880911E-19
   -0.1484316107402796E-18
    0.6194871794252250E-19
    0.5729283988429623E-18
   -0.1647351157983143E-19
   -0.3381296490148115E-15
    0.9298701327681981E-19
    0.3157814295189896E-19
    0.5665871957073681E-19
   -0.1326478895875968E-19
   -0.5277558870190801E-20
 itype_mp=
               1
 n=
               2
 m=
              -2
 outgoing ampole=
    0.0000000000000000E+00
    0.0000000000000000E+00
    0.8779238441726158E-19
   -0.7226521126521299E-19
    0.9250575169898764E-20
    0.3937837924229957E-20
    0.1045667179227585E-19
   -0.1120464698494888E-18
   -0.5214776593699655E-13
   -0.2283496058371500E-06
    0.3111948648986823E-20
    0.1573287636188979E-20
   -0.8639225497766858E-21
   -0.1794481703863063E-20
    0.3346760961350467E-20
   -0.4090807010374573E-20
   -0.2329229794601203E-20
    0.1032963505421412E-20
   -0.1489887382300564E-22
   -0.2706498121386065E-22
    0.3889695718630263E-19
   -0.2907132631421662E-21
    0.6968678493954405E-22
    0.8721441653012406E-22
    0.3371794361075908E-22
   -0.7017009050806168E-23
   -0.2061206813539053E-22
    0.7917877568210367E-22
    0.2630540773252821E-22
   -0.4282087337066201E-23
   -0.1410354609846669E-17
   -0.3324619818894788E-22
 outgoing bmpole=
    0.0000000000000000E+00
    0.0000000000000000E+00
   -0.6651350674713461E-18
   -0.1616482467896397E-18
    0.2879138213576616E-16
    0.2372540500934768E-16
   -0.2532200995624394E-19
    0.1035822584417010E-19
   -0.1513711828038407E-15
    0.8800425721861960E-19
   -0.2791477661124643E-19
   -0.1237176650232867E-18
   -0.4472190759836776E-18
   -0.1801309385141674E-18
   -0.1067282485224717E-19
    0.1154487404147304E-18
    0.2675161633308395E-21
    0.9898098043241060E-23
    0.1605264177587119E-21
    0.6726150534747193E-22
   -0.7601901596287220E-16
   -0.3332257666528855E-09
    0.2164038563744410E-21
   -0.2512595404804285E-20
    0.2331410469326355E-19
    0.3542722402906380E-19
   -0.6090089057027602E-20
    0.7287148649012171E-20
    0.1411916870539754E-20
   -0.5757783822890075E-21
   -0.1030436898857553E-17
   -0.4512458095194429E-11
 itype_mp=
               1
 n=
               2
 m=
              -1
 outgoing ampole=
    0.0000000000000000E+00
    0.0000000000000000E+00
   -0.4372086268072965E-15
   -0.5718864233867887E-18
    0.8218096537523388E-21
   -0.7527209294105163E-19
    0.2305914423386104E-18
    0.9049750786086302E-19
   -0.1804174984843754E-20
    0.1831749004382078E-20
   -0.6402111922999423E-11
   -0.1021757422983468E-05
    0.1123567885989526E-22
   -0.2088181011679908E-20
   -0.1004232269479680E-19
   -0.1920891450916989E-19
    0.6139663146044848E-20
   -0.7358901499945565E-20
    0.3021913785250800E-22
    0.2702135308956743E-23
   -0.3496441479659137E-22
    0.7365413585300396E-22
    0.5903588313862500E-18
   -0.9495966910534133E-21
    0.1049771044370683E-21
   -0.1407046195394110E-22
    0.2411317286067023E-21
   -0.5814897478776195E-22
   -0.4535496202721391E-22
    0.1282337683941366E-21
    0.2777779161586084E-22
   -0.4757816764239501E-23
 outgoing bmpole=
    0.0000000000000000E+00
    0.0000000000000000E+00
    0.1677920935422571E-08
   -0.2345723259276162E-05
    0.1380306358132092E-16
    0.3800227609812573E-17
   -0.5771243898648066E-17
   -0.4752405380408603E-17
    0.1921622104438086E-19
   -0.9563903476200009E-19
   -0.1353503337836735E-14
    0.2564730961085424E-19
    0.8487779581777208E-18
    0.3578385818628025E-18
    0.3079111039937963E-20
    0.3563315295566782E-21
    0.7248350445449096E-20
   -0.8992930352994832E-19
   -0.1681029770970475E-20
    0.1056688845156816E-21
    0.4763961276116006E-21
   -0.2934330456355302E-20
    0.1441813095215601E-11
   -0.2783078740285581E-08
    0.2772810048852213E-19
    0.2327877583994367E-19
    0.5276396846856333E-20
    0.9357113481945271E-20
    0.1828389377565247E-20
   -0.2192913589623932E-20
   -0.1471481016281387E-20
    0.6213857081968635E-21
 itype_mp=
               1
 n=
               2
 m=
               0
 outgoing ampole=
    0.0000000000000000E+00
    0.0000000000000000E+00
    0.2865954160995949E-18
   -0.1203287702662116E-18
   -0.9887569206939068E-22
   -0.4527507752090326E-18
   -0.2871893019821894E-18
   -0.1198830883381024E-18
    0.5739024251936499E-20
   -0.1172366178133113E-19
    0.1041012397985629E-19
   -0.1047634363514579E-19
   -0.8848073551251397E-12
   -0.9406399007127026E-06
   -0.1030316767380458E-19
   -0.1044811858994436E-19
   -0.5748487636214327E-20
   -0.1172439745078029E-19
    0.1626075054121235E-22
    0.4457775442378691E-22
   -0.2625594075447480E-21
   -0.2605853002320434E-22
    0.3889434218427283E-22
   -0.2936722688296337E-21
   -0.1048583098548264E-24
   -0.1215782588462690E-20
   -0.4387526324879020E-22
   -0.2968986600573055E-21
    0.2625106851185163E-21
   -0.2640886124881631E-22
   -0.1620876253681504E-22
    0.4449572310026554E-22
 outgoing bmpole=
    0.0000000000000000E+00
    0.0000000000000000E+00
   -0.3315039897888309E-17
    0.8717181379737485E-18
    0.7549640524400454E-19
    0.7166493735963969E-22
   -0.3305538208639843E-17
   -0.9078361639754535E-18
    0.1268466531978957E-18
   -0.5292187092895437E-19
   -0.2911820716335983E-18
    0.1241277547618527E-18
    0.6448201617627699E-14
    0.1375744769814854E-19
   -0.2904972751898269E-18
   -0.1185420883304856E-18
    0.1269912937534866E-18
    0.5256399804650350E-19
    0.2701624735810543E-20
    0.3224815978076195E-20
   -0.6777260359864185E-20
    0.1388527885355413E-19
   -0.8115039201178348E-20
    0.8945997829342726E-20
    0.1760900979846825E-21
    0.7742840418304413E-25
   -0.8197293677983669E-20
   -0.8829425114020344E-20
   -0.6792848205368581E-20
   -0.1387410731064941E-19
    0.2712064527959904E-20
   -0.3228706555246980E-20
 itype_mp=
               1
 n=
               2
 m=
               1
 outgoing ampole=
    0.0000000000000000E+00
    0.0000000000000000E+00
   -0.2291810971255302E-18
    0.9075860363627393E-19
   -0.2146549694566656E-20
   -0.7465573570073738E-19
    0.4372072704146596E-15
   -0.1062411283406626E-17
   -0.6164508709714199E-20
   -0.7378396740348301E-20
    0.1023762621378852E-19
   -0.1916905460083359E-19
   -0.7958605859092474E-22
   -0.2084402345872860E-20
   -0.6402111923032244E-11
   -0.1021757422983468E-05
    0.1824961826722571E-20
    0.1846413279069662E-20
   -0.2783422080656344E-22
   -0.4536279941481149E-23
    0.4550909731663305E-22
    0.1290023548712063E-21
   -0.2405091787852010E-21
   -0.6047040899416609E-22
   -0.1058925113084660E-21
   -0.1532718705521356E-22
   -0.5903595334488180E-18
   -0.1375215951897792E-20
    0.3514624218885530E-22
    0.7397422782480192E-22
   -0.3011672932123291E-22
    0.2692077328206512E-23
 outgoing bmpole=
    0.0000000000000000E+00
    0.0000000000000000E+00
   -0.5810596596338686E-17
    0.4713883052888963E-17
    0.1382989224230905E-16
   -0.3798849366539093E-17
   -0.1677920935407350E-08
    0.2345723259276098E-05
    0.8061867098138178E-20
    0.8983915058290583E-19
    0.3195213054823547E-20
    0.1118217562722909E-20
    0.8472507084012650E-18
   -0.3566229215375863E-18
   -0.1353502876492571E-14
   -0.2302458114555869E-19
    0.1962980103289034E-19
    0.9596741085248870E-19
   -0.1491653406972553E-20
   -0.6432802341894720E-21
    0.1839156903139313E-20
    0.2193473701590906E-20
    0.5214968447851489E-20
   -0.9355993258011323E-20
    0.2774206984817607E-19
   -0.2338992253589755E-19
   -0.1441813095305251E-11
    0.2783078740285646E-08
    0.5023451954546920E-21
    0.2889559118457854E-20
   -0.1687583916972080E-20
   -0.1070817042532726E-21
 itype_mp=
               1
 n=
               2
 m=
               2
 outgoing ampole=
    0.0000000000000000E+00
    0.0000000000000000E+00
   -0.1002543573698654E-19
   -0.1124552345470583E-18
   -0.9340460600777926E-20
    0.4148105628607997E-20
   -0.8718244756486726E-19
   -0.7103624201087111E-19
    0.2334011646020742E-20
    0.1048345684812935E-20
   -0.3376488695000607E-20
   -0.4115150981237679E-20
    0.8853823620038817E-21
   -0.1784650484860655E-20
   -0.3093556912757828E-20
    0.1583837804880339E-20
   -0.5214776594999781E-13
   -0.2283496058371506E-06
    0.1410354529252200E-17
   -0.3323627083132428E-22
   -0.2634616214803564E-22
   -0.4365686138107088E-23
    0.2089630405892955E-22
    0.7827016121329052E-22
   -0.3396939312951487E-22
   -0.6726568528752397E-23
   -0.6955263498849874E-22
    0.8748732089742823E-22
   -0.3889707948207737E-19
   -0.2904896363493818E-21
    0.1517109241889503E-22
   -0.2680582493063390E-22
 outgoing bmpole=
    0.0000000000000000E+00
    0.0000000000000000E+00
   -0.1405636928605563E-19
   -0.6043725161970326E-20
    0.2886744233132438E-16
   -0.2368376665355756E-16
   -0.6595022471362519E-18
    0.1899707180338024E-18
    0.2193632539312884E-21
    0.1083440461489900E-21
   -0.1085794603727211E-19
   -0.1148955169889623E-18
   -0.4468294386917862E-18
    0.1811983280058575E-18
   -0.2655579450152577E-19
    0.1221647336951512E-18
   -0.1513711588120298E-15
   -0.8778328886770833E-19
    0.1030435720114459E-17
    0.4512458095196920E-11
    0.1407469414324379E-20
    0.5698930266957290E-21
   -0.6060561960499960E-20
   -0.7263598866758954E-20
    0.2339096961088059E-19
   -0.3535355676558657E-19
    0.2258003616114367E-21
    0.2528541876102835E-20
    0.7601900436107305E-16
    0.3332257666529476E-09
    0.1610614500853735E-21
   -0.6755410115111503E-22
 itype_mp=
               1
 n=
               3
 m=
              -3
 outgoing ampole=
    0.0000000000000000E+00
    0.0000000000000000E+00
    0.3970792571600275E-20
    0.3816619662720670E-20
    0.2067105753937501E-21
   -0.2585940812897508E-21
   -0.1881140221022047E-20
    0.8457189108500327E-21
    0.2062016676924137E-22
   -0.3637096462410430E-22
   -0.7198849505382760E-22
   -0.1841942833184001E-22
   -0.3183285595885038E-23
    0.8669979406699774E-23
    0.2081766893670046E-22
   -0.3394895061019784E-23
   -0.1881320685231361E-17
   -0.4421749584055134E-22
   -0.1524512243634832E-20
   -0.3904599404585564E-10
    0.4288030689327702E-24
   -0.1534291081408121E-24
    0.8851461872269957E-24
    0.2103928331694025E-23
    0.2522985690788655E-24
   -0.5603956640770869E-24
    0.2346930207932528E-24
   -0.8005646512568802E-24
    0.1026405657070561E-20
   -0.4696304312470888E-13
   -0.3903672139229559E-24
    0.7616654923448130E-24
 outgoing bmpole=
    0.0000000000000000E+00
    0.0000000000000000E+00
    0.1570975293352188E-19
    0.6266298609861584E-20
   -0.2789016512422000E-19
    0.2820182145450043E-18
    0.1091465946389825E-21
   -0.2434397086310639E-22
   -0.1676824751278118E-21
    0.7269960735518165E-22
    0.2175157204282848E-20
    0.9873018402928795E-22
   -0.9770012140226264E-20
    0.1176039091456844E-19
    0.1941782791297107E-20
   -0.8241086207809633E-21
    0.7118064598185508E-18
   -0.4853709267837550E-11
   -0.3718409837410436E-19
    0.1487353293644012E-22
   -0.1935730238101746E-22
   -0.2196179690282098E-22
   -0.8998627193291763E-23
   -0.4183675873465881E-22
    0.4219231488533584E-22
   -0.4288788303462134E-22
   -0.3680985832956896E-22
    0.6639312280165971E-23
    0.5053688945968375E-18
    0.2595429276815649E-22
   -0.1189976683566381E-24
   -0.4088503863405897E-25
 itype_mp=
               1
 n=
               3
 m=
              -2
 outgoing ampole=
    0.0000000000000000E+00
    0.0000000000000000E+00
    0.3252428074255930E-20
    0.2256064123930218E-20
    0.1140287646197703E-20
    0.3046340309929935E-22
    0.6498970792918582E-20
   -0.7811739485423844E-20
   -0.1649239153463389E-18
   -0.3004885754463785E-21
    0.1221545680809446E-21
    0.1272559236682115E-21
    0.2180387354272968E-22
   -0.3017132978816275E-22
   -0.4547356782619067E-22
    0.1189046646904801E-21
    0.4897844755982987E-22
   -0.7707809455969813E-23
   -0.2594746770979025E-24
   -0.6392573357914141E-25
   -0.1907205076006312E-18
   -0.2378275611457486E-09
    0.5842331600945903E-23
    0.6588646834925761E-23
   -0.2328210281097884E-23
    0.1568914373909528E-23
    0.2121786962287476E-23
   -0.4961121455901703E-23
   -0.9058387273723334E-24
   -0.1968408878805503E-23
   -0.3570200277292350E-22
   -0.4348295962717070E-13
 outgoing bmpole=
    0.0000000000000000E+00
    0.0000000000000000E+00
   -0.3682038968853008E-19
   -0.6253444458213537E-19
   -0.4984505613908399E-18
   -0.2007708805797950E-18
    0.4452271506315161E-20
   -0.4900869360604646E-19
    0.9150299594278019E-16
   -0.3855450909221375E-09
   -0.5509495383798639E-21
   -0.3534941862493505E-20
    0.2324989663412409E-19
    0.4676161635322814E-19
   -0.2222290208309700E-20
    0.2685260368474134E-20
   -0.1337396899291907E-20
    0.5871394593504640E-21
    0.1728849330150876E-22
   -0.2067568159805758E-22
   -0.4330886923276775E-18
    0.8498758612317907E-22
    0.2342427955315533E-21
   -0.8560190668770298E-22
   -0.1000026361550062E-20
   -0.2650865731755887E-23
    0.4127795299895113E-22
   -0.9826176949720572E-22
   -0.1243532165483199E-24
    0.8785711496890753E-24
    0.4915272107546140E-18
   -0.2423607616051300E-22
 itype_mp=
               1
 n=
               3
 m=
              -1
 outgoing ampole=
    0.0000000000000000E+00
    0.0000000000000000E+00
   -0.2847482769534955E-09
   -0.4945877972653320E-06
    0.8618033201702994E-21
   -0.1488961525579036E-20
   -0.1111787142946844E-19
   -0.2260618586610926E-19
    0.4761056217779835E-22
    0.7074848971276332E-22
    0.1210656674005535E-17
   -0.2930367873185964E-21
    0.2138206534222775E-21
   -0.4918953453245811E-22
    0.5654915498209263E-21
   -0.4809138590691008E-22
   -0.5386584246568274E-22
    0.1512887502436938E-21
   -0.4846771113472070E-24
   -0.9400456586576185E-24
   -0.4901480773171814E-23
    0.5806528363208857E-23
   -0.2447480153822016E-12
   -0.1210233231503012E-08
   -0.3009148640201237E-23
   -0.4042798015004782E-23
   -0.1442256475570794E-22
   -0.6504460229815056E-23
    0.6339181154905606E-23
   -0.1164082281501782E-22
   -0.6731499551782544E-24
   -0.1400426868452318E-23
 outgoing bmpole=
    0.0000000000000000E+00
    0.0000000000000000E+00
   -0.3397915875230005E-15
   -0.1492154330988390E-18
    0.6167317629429173E-18
    0.3022140129004619E-18
    0.1296562563330680E-18
    0.5125529434569885E-19
   -0.7074548538085091E-22
   -0.1968522912795047E-20
   -0.8895807256788306E-12
   -0.2808459015577751E-08
    0.2390925291775373E-19
    0.2424453426920831E-19
   -0.4468080039591993E-20
   -0.8238319087495179E-20
    0.4593486601033428E-20
   -0.5511397256522319E-20
    0.5093420232324344E-23
   -0.3012384828163405E-22
   -0.1847797361719395E-21
   -0.7168669031975733E-22
    0.8134856769188103E-18
   -0.6400465280667091E-21
    0.5948515793696125E-21
    0.9660364605896670E-21
   -0.1685626137550204E-22
   -0.1309170286612958E-22
   -0.3028053072202241E-22
    0.8332684369125120E-22
    0.2641232276167191E-22
   -0.4394292602838267E-23
 itype_mp=
               1
 n=
               3
 m=
               0
 outgoing ampole=
    0.0000000000000000E+00
    0.0000000000000000E+00
    0.8645257151261958E-20
   -0.1025178889566986E-19
   -0.1363345859739922E-09
   -0.3789367895010828E-06
   -0.8658419782485846E-20
   -0.1019996599890461E-19
   -0.2438666829762239E-21
   -0.4227650149044654E-22
    0.1483283240297242E-21
   -0.4778097719076784E-21
   -0.1561977061293855E-24
   -0.1223892717148669E-20
   -0.1454134363032747E-21
   -0.4710142547779308E-21
    0.2435189968689261E-21
   -0.4248451881959906E-22
   -0.1479793174042557E-23
   -0.3023640663804528E-23
    0.1127998841850726E-22
   -0.6456352140475828E-23
    0.2116550199501570E-22
   -0.2453715073171528E-22
   -0.1436259521960492E-12
   -0.1246766471625709E-08
   -0.2132800124651163E-22
   -0.2454239912812341E-22
   -0.1130376769538903E-22
   -0.6428674324535509E-23
    0.1483854736886096E-23
   -0.3028689043550003E-23
 outgoing bmpole=
    0.0000000000000000E+00
    0.0000000000000000E+00
   -0.1731563369798477E-18
    0.1287993647037051E-18
    0.6897144804704909E-14
    0.9530216416052853E-17
   -0.1730529104372353E-18
   -0.1303960179435387E-18
   -0.2242061977871503E-20
    0.8439857385066864E-20
   -0.8942629940613136E-20
    0.1059042715534745E-19
    0.7355720532910177E-22
    0.9572194107678108E-26
   -0.8947581040826043E-20
   -0.1011034832094320E-19
   -0.2241748061924411E-20
   -0.8421393483642380E-20
   -0.2175090586488268E-22
   -0.8241578928703322E-22
    0.2912713624414723E-21
    0.5194052021197853E-22
   -0.7294272971339584E-22
    0.3715785374834862E-21
    0.6311415529839647E-17
    0.8500599200193368E-20
   -0.7045978240269905E-22
   -0.3725210952136601E-21
    0.2897887524511385E-21
   -0.5144011972444862E-22
   -0.2166362423152848E-22
    0.8260346569972062E-22
 itype_mp=
               1
 n=
               3
 m=
               1
 outgoing ampole=
    0.0000000000000000E+00
    0.0000000000000000E+00
    0.1112435869642921E-19
   -0.2274449172255130E-19
   -0.8868829604825657E-21
   -0.1502621569669117E-20
   -0.2847482769535571E-09
   -0.4945877972653330E-06
    0.5417411304452102E-22
    0.1511445423118983E-21
   -0.5633056371083970E-21
   -0.4741501935723865E-22
   -0.2141216091060247E-21
   -0.5171108336885387E-22
   -0.1210656859420471E-17
   -0.1774212652058193E-20
   -0.4766751386100745E-22
    0.7150662633970286E-22
    0.6597610846990497E-24
   -0.1402769920786178E-23
   -0.6348055363570786E-23
   -0.1163436513419523E-22
    0.1440056292281680E-22
   -0.6568449233971156E-23
    0.3001997024018442E-23
   -0.4093259361609638E-23
   -0.2447480153823709E-12
   -0.1210233231503013E-08
    0.4920043544057235E-23
    0.5832440470830072E-23
    0.4873773362929368E-24
   -0.9348737992377550E-24
 outgoing bmpole=
    0.0000000000000000E+00
    0.0000000000000000E+00
    0.1292061603882638E-18
   -0.5229526343064749E-19
    0.6174179419018609E-18
   -0.3037326352806502E-18
   -0.3397917942210361E-15
   -0.1468005646924515E-18
    0.4612843903414446E-20
    0.5510786985274721E-20
   -0.4473137767054967E-20
    0.8268815930114894E-20
    0.2400048010938959E-19
   -0.2456538751258825E-19
    0.8895807255378515E-12
    0.2808459015577883E-08
   -0.1094308305625215E-21
    0.1961989666493702E-20
    0.2641343305824823E-22
    0.4694203301572450E-23
   -0.3006265134680959E-22
   -0.8396781137360687E-22
   -0.1649619872695641E-22
    0.1181590678836967E-22
    0.5872827529203732E-21
   -0.9603655881703090E-21
    0.8134845746882121E-18
    0.5522613864405727E-21
   -0.1846943086471259E-21
    0.7128946539168650E-22
    0.4886186641931582E-23
    0.3036119050271420E-22
 itype_mp=
               1
 n=
               3
 m=
               2
 outgoing ampole=
    0.0000000000000000E+00
    0.0000000000000000E+00
   -0.6470045607758435E-20
   -0.7806522920238893E-20
   -0.1136107706145659E-20
    0.5331931530387794E-22
   -0.3183041069391994E-20
    0.2307009233284535E-20
   -0.4934001237433171E-22
   -0.8078256643082245E-23
    0.4466422693361358E-22
    0.1185326500258481E-21
   -0.2193397417684956E-22
   -0.3020685927860512E-22
   -0.1236196370691861E-21
    0.1289349533378670E-21
    0.1649237869216097E-18
   -0.3005732192324324E-21
   -0.3582333941164130E-22
   -0.4348295962717097E-13
    0.9090389939746800E-24
   -0.1972727605929587E-23
   -0.2092773320778767E-23
   -0.4986000059058146E-23
    0.2357273926772255E-23
    0.1615236600189410E-23
   -0.5752544529281090E-23
    0.6540814278744261E-23
   -0.1907205113758979E-18
   -0.2378275611457487E-09
    0.2613034008706719E-24
   -0.5883347262706587E-25
 outgoing bmpole=
    0.0000000000000000E+00
    0.0000000000000000E+00
    0.4672704824899773E-20
    0.4858200532553377E-19
   -0.4984759754263564E-18
    0.1994664717673939E-18
   -0.3712375301774726E-19
    0.6244830437754284E-19
   -0.1332498009550911E-20
   -0.5838623863496613E-21
   -0.2246182745647186E-20
   -0.2667771499296380E-20
    0.2316947876746281E-19
   -0.4670876519121009E-19
   -0.5713810853542567E-21
    0.3500248360061537E-20
   -0.9150298614927862E-16
    0.3855450909221108E-09
    0.4915270709878685E-18
    0.2450097986131131E-22
    0.3652222620473766E-24
   -0.1047074983037114E-23
    0.4169333454162304E-22
    0.9773770951318066E-22
   -0.9976895138147161E-21
    0.5844078685264531E-24
    0.2348447068990477E-21
    0.8536678505977548E-22
   -0.4330887015008907E-18
   -0.8366097764916150E-22
    0.1740840533175178E-22
    0.2018545300382875E-22
 itype_mp=
               1
 n=
               3
 m=
               3
 outgoing ampole=
    0.0000000000000000E+00
    0.0000000000000000E+00
    0.1890904560983622E-20
    0.8341989960665984E-21
   -0.2206464955272660E-21
   -0.2562115154600855E-21
   -0.3957015489188737E-20
    0.3823006611120194E-20
    0.1881320754984111E-17
   -0.4442753782816656E-22
   -0.2077586953618002E-22
   -0.3370076666960771E-23
    0.3406716453979472E-23
    0.8932793137472064E-23
    0.7232889892181597E-22
   -0.1818953162897757E-22
   -0.2055642268344769E-22
   -0.3578054809175303E-22
    0.3920081669511999E-24
    0.7601765927999075E-24
    0.1026322641991618E-20
   -0.4696304312471129E-13
   -0.2319744269703411E-24
   -0.8053405593241574E-24
   -0.2737166798728857E-24
   -0.5555942436803903E-24
   -0.8864656849045576E-24
    0.2109587986852384E-23
   -0.4229168642891687E-24
   -0.1553517172858443E-24
   -0.1524511758055478E-20
   -0.3904599404585562E-10
 outgoing bmpole=
    0.0000000000000000E+00
    0.0000000000000000E+00
    0.1393759210953674E-21
   -0.4387265078625768E-22
   -0.2732276334179529E-19
   -0.2816664307902242E-18
    0.1568072742980049E-19
   -0.6285559773621404E-20
   -0.7118056948895213E-18
    0.4853709267837675E-11
    0.1933874344718639E-20
    0.8166934071286365E-21
   -0.9766990043568637E-20
   -0.1175819226610106E-19
    0.2161037366787042E-20
   -0.1040470677754884E-21
   -0.1666960092755294E-21
   -0.7296085360843442E-22
   -0.1358480516914419E-24
    0.1557680785019658E-25
    0.5053689587327927E-18
   -0.2622337640900684E-22
   -0.3662541847477250E-22
   -0.6595422909619505E-23
    0.4336295934616151E-22
    0.4317460079756626E-22
   -0.8995100368872851E-23
    0.4187777439641950E-22
   -0.1927788352002862E-22
    0.2253013812677239E-22
   -0.3718409516988335E-19
   -0.1486438931757627E-22
 itype_mp=
               2
 n=
               1
 m=
              -1
 outgoing ampole=
    0.0000000000000000E+00
    0.0000000000000000E+00
    0.1100301962070187E-14
   -0.2547147658702015E-17
   -0.7249045987473756E-19
    0.9650806101858032E-19
    0.3083894981327527E-20
   -0.4210505863674941E-20
   -0.6235400492996872E-20
    0.1756828803874247E-20
    0.1658250223660759E-08
   -0.2301116078184684E-05
   -0.5036526807029715E-20
   -0.1323937492324325E-20
    0.8893909245137923E-21
    0.1227698552566055E-20
   -0.1288147474055891E-21
    0.7653078365913356E-22
    0.1085143787061108E-21
   -0.4421122593047327E-22
   -0.3483394841771694E-21
    0.1644451115575035E-21
   -0.1125136387029512E-17
   -0.4527432053375984E-20
   -0.2442422571210564E-21
   -0.1812317508065136E-21
    0.1606559959003252E-22
    0.1416999677643040E-23
   -0.2610895055008212E-23
   -0.1308451859416513E-22
    0.2549273595022215E-24
   -0.5870802212522924E-24
 outgoing bmpole=
    0.0000000000000000E+00
    0.0000000000000000E+00
   -0.5207868316185108E-06
    0.7216535051407533E-03
    0.2320235740680322E-16
    0.6518448644770700E-17
    0.9690950647392111E-17
    0.8149749367986319E-17
    0.1170212004227891E-18
    0.1004188798103139E-18
    0.7987034249265166E-15
    0.2008164653340266E-17
    0.1414430719926574E-17
    0.5992178810038923E-18
   -0.3922477146131500E-18
   -0.1598130859091902E-18
   -0.1504992431666637E-19
    0.1533664814052436E-18
    0.5238677067826685E-20
   -0.5064147850893624E-20
    0.4675714381737245E-20
   -0.3224915708833374E-20
   -0.4477491708541673E-09
    0.6204419157933462E-06
    0.4674890097558982E-19
    0.3919551522490273E-19
    0.1813064881346442E-19
    0.3999037262519949E-19
   -0.9425530740717133E-20
    0.1119207372527233E-19
    0.2517619692746842E-20
   -0.1031818201847152E-20
 itype_mp=
               2
 n=
               1
 m=
               0
 outgoing ampole=
    0.0000000000000000E+00
    0.0000000000000000E+00
    0.5213868622024995E-18
    0.7724925140099719E-18
    0.1535046868929651E-14
    0.4467200950195049E-17
    0.5277045239157206E-18
   -0.7482619700001179E-18
    0.3912290130631862E-19
   -0.3206743001463106E-19
    0.1888904877662724E-19
   -0.5322367827548717E-20
    0.7505866102205418E-22
    0.2351624476545664E-25
    0.1884303599653434E-19
    0.5454186417029988E-20
    0.3896894575432172E-19
    0.3225683145826929E-19
   -0.2501694121148554E-22
   -0.2863405233552213E-21
   -0.5265365985058988E-21
    0.2103387633589246E-21
    0.5776572653424014E-21
   -0.5255992469492278E-21
    0.1391247658917421E-17
    0.4030049192217389E-20
    0.5759706595314015E-21
    0.5269321253333234E-21
   -0.5253912949316386E-21
   -0.2121319576412516E-21
   -0.2572753102033308E-22
    0.2845285193426601E-21
 outgoing bmpole=
    0.0000000000000000E+00
    0.0000000000000000E+00
   -0.2958514753508420E-17
    0.9000870232722492E-18
   -0.9213010462900204E-05
    0.3035299645579278E-02
    0.2924820557704574E-17
    0.8651943550566811E-18
    0.1176193665639969E-18
   -0.4616258914436966E-19
    0.3026998891321115E-19
    0.9896022117813614E-18
   -0.4511120046319884E-19
    0.1486560354000211E-16
   -0.2210325547904728E-19
    0.9814311980885842E-18
   -0.1181329975975921E-18
   -0.4703148164286822E-19
    0.2360428867149662E-20
    0.2854865616025886E-20
    0.1409342027467695E-19
   -0.8700963212335554E-21
    0.8852511118862474E-20
    0.1490987960516267E-19
   -0.9704227915746450E-08
    0.3197132693726244E-05
   -0.9015963494657617E-20
    0.1484514069363661E-19
   -0.1407823873240792E-19
   -0.9219944569197383E-21
   -0.2381696402134464E-20
    0.2840887896491850E-20
 itype_mp=
               2
 n=
               1
 m=
               1
 outgoing ampole=
    0.0000000000000000E+00
    0.0000000000000000E+00
    0.3823487304226179E-20
    0.7898529670694467E-21
   -0.7050870013678270E-19
   -0.9640640487651461E-19
    0.1100301316736557E-14
    0.2916525416512011E-17
   -0.9989781599425580E-22
   -0.9398490708520457E-22
    0.8329115745305687E-21
   -0.1333969348449231E-20
   -0.4881768706542824E-20
    0.1582458424663165E-20
   -0.1658250223660593E-08
    0.2301116078184687E-05
   -0.6136018238319465E-20
   -0.1663482382631993E-20
    0.4793353398134115E-24
    0.5986237849446051E-24
   -0.1857460860627215E-23
    0.1490070254677841E-22
    0.1559117639412549E-22
   -0.2209098317505448E-23
   -0.2356211307637149E-21
    0.1858999601058874E-21
   -0.1125137588209680E-17
    0.1863003461136226E-20
   -0.3500177301080652E-21
   -0.1657641438901767E-21
    0.1082546999303775E-21
    0.4360722459295286E-22
 outgoing bmpole=
    0.0000000000000000E+00
    0.0000000000000000E+00
   -0.9681996346373102E-17
    0.8110730530467536E-17
   -0.2334970102930724E-16
    0.6365412278311007E-17
   -0.5207868316184380E-06
    0.7216535051407558E-03
    0.1423400001850731E-19
    0.1533739718578169E-18
    0.3915179305195835E-18
   -0.1581491353732724E-18
   -0.1416092530333185E-17
    0.6033958146847117E-18
   -0.7987054445147120E-15
    0.8566391881533608E-18
   -0.1174631371246116E-18
    0.9668890194499197E-19
   -0.2518054406512255E-20
   -0.1073743000569157E-20
    0.9397993295654264E-20
    0.1122308888045850E-19
   -0.1820698287869485E-19
    0.3999145940961302E-19
   -0.4700459626845348E-19
    0.3927783496428769E-19
   -0.4477491708540176E-09
    0.6204419157933489E-06
   -0.4487148926109419E-20
   -0.3409903135776650E-20
   -0.5204560397121899E-20
   -0.5081578200910649E-20
 itype_mp=
               2
 n=
               2
 m=
              -2
 outgoing ampole=
    0.0000000000000000E+00
    0.0000000000000000E+00
    0.5351660847433444E-20
    0.1470352432467335E-20
   -0.4070760017884968E-20
   -0.3265569805779557E-20
   -0.1081574836683858E-21
    0.4652338589488693E-22
    0.5537484190932195E-18
   -0.5497289958846670E-21
    0.3287167556028471E-21
    0.1185628239680988E-21
    0.1183320129033500E-21
    0.4793555251684480E-22
   -0.2495424211070487E-23
    0.1514444530106325E-22
    0.1265429908070301E-23
    0.2054278277164700E-24
   -0.7675251641658185E-24
   -0.3378934547735123E-24
    0.9047290480269986E-16
   -0.3641989391422887E-09
    0.5991095014282528E-23
    0.7338268466798351E-23
   -0.1663305910787920E-23
   -0.7195848439048519E-23
    0.3133158971042162E-24
   -0.4331789436747541E-24
   -0.2694836741756494E-24
    0.2043313077980321E-24
    0.1569242248371398E-19
   -0.6318358085804777E-13
 outgoing bmpole=
    0.0000000000000000E+00
    0.0000000000000000E+00
   -0.8003655580997387E-19
    0.6663640367256880E-19
   -0.5176665149190576E-18
   -0.2077648231539165E-18
   -0.9444658146395287E-20
    0.1019311486816231E-18
   -0.6183049433967909E-13
    0.2486602458233959E-06
   -0.2689206231883264E-20
   -0.2654705006693689E-20
    0.2404347079282487E-19
    0.4838975316278004E-19
   -0.9319928735242283E-20
    0.1116074089464221E-19
    0.2815114386130944E-20
   -0.1185280520917909E-20
    0.2310200617514271E-22
    0.4067643350083663E-22
    0.2301438976185842E-18
    0.3676450598000428E-21
    0.8052393264010219E-22
   -0.1235809726237047E-21
   -0.1040419865358626E-20
   -0.9255954752745745E-24
    0.8478433653814843E-22
   -0.2465945183853444E-21
   -0.5971253361347980E-22
    0.1070482647328562E-22
   -0.2195463280559844E-17
    0.4877545922105246E-22
 itype_mp=
               2
 n=
               2
 m=
              -1
 outgoing ampole=
    0.0000000000000000E+00
    0.0000000000000000E+00
   -0.1054908171351473E-08
   -0.1837401490980295E-05
   -0.2779894211252418E-20
   -0.7765994221494270E-21
    0.1251012586200338E-19
    0.1081367211224086E-19
   -0.2767601007559356E-21
    0.2669729017472003E-21
   -0.1453053186131255E-17
   -0.5638046305144225E-20
   -0.2633989223795758E-21
   -0.1043861654122105E-21
   -0.1962878948739775E-21
   -0.9513752555455581E-22
   -0.1688904778028527E-22
    0.1558051754699277E-21
   -0.7040627344889302E-24
    0.5847687149137584E-23
   -0.9633586211822628E-23
    0.1174619077650554E-22
   -0.9048511222677646E-12
   -0.2893678996777963E-08
   -0.8214545547826050E-23
   -0.8631286387409415E-23
   -0.1770923039237234E-24
    0.5787363756472436E-23
   -0.4402848417632295E-23
    0.5172643158623247E-23
    0.1984050998219012E-23
   -0.8136514557557613E-24
 outgoing bmpole=
    0.0000000000000000E+00
    0.0000000000000000E+00
    0.3022589519239694E-15
    0.1735866371073724E-17
    0.8484681744605836E-18
    0.1390877794358437E-17
   -0.1450994294098307E-18
   -0.6136606773878793E-19
    0.3355120841454556E-20
   -0.2023755595657749E-20
   -0.5306498549385951E-11
    0.1410197421362591E-05
    0.3367046210423039E-19
    0.4871028141582094E-19
    0.3900987572731134E-20
    0.2469458423467187E-19
   -0.5199644787620694E-20
    0.6208615437143371E-20
   -0.7383864101936373E-22
    0.1444378284983931E-22
    0.1117068079208597E-21
   -0.7125596055970683E-22
   -0.1538045220228039E-17
    0.2696585393552642E-20
    0.2304907768423370E-21
    0.2033623650381865E-20
   -0.7617018545576876E-21
    0.2177153125657699E-21
    0.7855883832313484E-22
   -0.2849971951209955E-21
   -0.2938785227465768E-22
    0.4790733792149350E-23
 itype_mp=
               2
 n=
               2
 m=
               0
 outgoing ampole=
    0.0000000000000000E+00
    0.0000000000000000E+00
    0.1613550490746291E-19
   -0.4505039069532170E-20
   -0.2553883285160860E-21
   -0.8264011925542461E-24
    0.1610661316182318E-19
    0.4651236652792473E-20
   -0.4652879369232926E-21
    0.1860365918963386E-21
    0.9422588062920493E-21
   -0.3909403882025925E-21
    0.1429308633970845E-17
   -0.1005355023618979E-23
    0.9370506009872021E-21
    0.3982657331438003E-21
   -0.4663287419962517E-21
   -0.1854430404089483E-21
   -0.7525328948072750E-23
   -0.9003558216321910E-23
    0.1831457061694067E-22
   -0.3698508925393826E-22
    0.1817597947959008E-22
   -0.2142581755849126E-22
   -0.3283195704740101E-24
   -0.8689581369482237E-27
    0.1855230470740070E-22
    0.2138593668514314E-22
    0.1835238601209902E-22
    0.3692866006323566E-22
   -0.7524610520876306E-23
    0.9000521228627846E-23
 outgoing bmpole=
    0.0000000000000000E+00
    0.0000000000000000E+00
   -0.1462264750059435E-18
    0.6106163434491743E-19
   -0.2676279061907433E-19
    0.1264482132030511E-16
    0.1456229585414691E-18
    0.6037358277283051E-19
   -0.3938272637995370E-20
    0.7911389256264582E-20
    0.9456696373745175E-22
    0.1159739415223897E-19
   -0.1430663987670742E-10
    0.3782499084389320E-05
   -0.9777715769742182E-22
    0.1164862349751682E-19
    0.3953186664101064E-20
    0.7903497529446321E-20
   -0.1442183816456608E-22
   -0.3932696597965942E-22
    0.1156255017196513E-21
    0.1403331273672855E-21
    0.1251375822990860E-20
    0.2662715861803433E-21
   -0.2822407055071975E-22
    0.2201028107246966E-19
   -0.1246596061541348E-20
    0.2663771296666574E-21
   -0.1159431771636066E-21
    0.1406110933807465E-21
    0.1459635066173893E-22
   -0.3908766441167988E-22
 itype_mp=
               2
 n=
               2
 m=
               1
 outgoing ampole=
    0.0000000000000000E+00
    0.0000000000000000E+00
    0.1243762898174072E-19
   -0.1069369111298698E-19
   -0.2765448338432553E-20
    0.8091695150349567E-21
    0.1054908171351710E-08
    0.1837401490980292E-05
   -0.1682843864953062E-22
   -0.1576234493925670E-21
   -0.1921821487578569E-21
    0.7933212723276305E-22
   -0.2602827770707767E-21
    0.1177666760113110E-21
   -0.1453056322602237E-17
    0.3840949003793595E-20
   -0.2766937442076094E-21
   -0.2661322113042329E-21
    0.1972833737219971E-23
    0.7924415255698018E-24
   -0.4375221626350815E-23
   -0.5138011702176427E-23
   -0.1810191616679292E-24
   -0.5740151660142412E-23
   -0.8038955409858530E-23
    0.8931556299741822E-23
    0.9048511222681016E-12
    0.2893678996777962E-08
   -0.9540435594647186E-23
   -0.1200042420064756E-22
   -0.7202232644362384E-24
   -0.5837751627568565E-23
 outgoing bmpole=
    0.0000000000000000E+00
    0.0000000000000000E+00
    0.1442543458498685E-18
   -0.5913712306591537E-19
   -0.8485184674992899E-18
    0.1386354898585003E-17
   -0.3022601240679837E-15
    0.5687917964093776E-18
    0.5211198141924545E-20
    0.6198031828931595E-20
   -0.3882863352665469E-20
    0.2468060651513784E-19
   -0.3375402746575086E-19
    0.4902924219134231E-19
   -0.5306498549104148E-11
    0.1410197421362586E-05
   -0.3381989496109097E-20
   -0.2045562342909264E-20
    0.2951063801368648E-22
    0.5373574183156286E-23
   -0.7826415254946571E-22
   -0.2832656549544361E-21
    0.7589608588685595E-21
    0.2224668594199313E-21
   -0.2416998085844005E-21
    0.2024747939550729E-20
    0.1538040814192622E-17
    0.1113580441727672E-20
   -0.1144164540595974E-21
   -0.7150492823905672E-22
    0.7349889026700851E-22
    0.1456264989506932E-22
 itype_mp=
               2
 n=
               2
 m=
               2
 outgoing ampole=
    0.0000000000000000E+00
    0.0000000000000000E+00
   -0.1285629386732351E-21
   -0.6696564396566316E-22
   -0.3944693025915310E-20
    0.3327767313753978E-20
    0.5416801033204503E-20
   -0.1459818983536183E-20
    0.1714477520643807E-23
    0.8968328750873502E-24
   -0.2326659131469196E-23
   -0.1321226801200574E-22
    0.1206372498420525E-21
   -0.4823232826053995E-22
    0.3256492020971530E-21
   -0.1197541068829315E-21
    0.5537484401684446E-18
    0.5508095103881204E-21
   -0.1569242871283274E-19
    0.6318358085805471E-13
   -0.2763087325418781E-24
   -0.1905015842664634E-24
    0.2884811751543745E-24
    0.4126058012310982E-24
   -0.1522820738101242E-23
    0.7216682827745428E-23
    0.6026428570034966E-23
   -0.7246522048234142E-23
   -0.9047290476980705E-16
    0.3641989391422892E-09
   -0.7842939080464810E-24
    0.3320848076113451E-24
 outgoing bmpole=
    0.0000000000000000E+00
    0.0000000000000000E+00
    0.9293511514113363E-20
    0.1017310465914516E-18
    0.5177668334803066E-18
   -0.2051420946886209E-18
    0.8009326923660002E-19
    0.6548661920257284E-19
   -0.2801094867196387E-20
   -0.1156321896237346E-20
    0.9339072860680648E-20
    0.1117145826093565E-19
   -0.2399206171012478E-19
    0.4841914650122602E-19
    0.2701746052039397E-20
   -0.2666241641237332E-20
   -0.6183049431402340E-13
    0.2486602458233964E-06
    0.2195463182461876E-17
    0.5092447090030977E-22
    0.5907613774055604E-22
    0.1013478714868807E-22
   -0.8593460379122038E-22
   -0.2488339212682272E-21
    0.1040648586453349E-20
    0.1025652790270386E-23
   -0.8257732819066900E-22
   -0.1219407380226572E-21
   -0.2301438362665344E-18
    0.3712204760220602E-21
   -0.2308241270614875E-22
    0.4089228821758673E-22
 itype_mp=
               2
 n=
               3
 m=
              -3
 outgoing ampole=
    0.0000000000000000E+00
    0.0000000000000000E+00
   -0.9176953885762107E-22
   -0.3634144379748673E-22
    0.2413915380055622E-23
   -0.2753796755537479E-22
    0.6415432405073759E-24
    0.1593831755806688E-24
    0.7456784462375554E-24
   -0.3213941210915168E-24
    0.4044349164633470E-23
    0.7794094195051955E-23
    0.1878572823468205E-23
   -0.2266621476893543E-23
    0.1696794414876760E-24
   -0.2416527842588149E-26
   -0.1434394618937117E-19
   -0.6013754617929914E-13
    0.1044858642428521E-21
   -0.5220536944395354E-25
    0.6957645942220358E-25
    0.4507582142610649E-26
   -0.9449416022348131E-25
    0.2302666316390188E-25
   -0.1558624741208169E-25
    0.5902583559088677E-25
    0.1674374179783153E-26
    0.2446632391302824E-27
   -0.1059855300811120E-20
   -0.5111267637492851E-26
   -0.2013087226111861E-27
   -0.8757406045756310E-30
 outgoing bmpole=
    0.0000000000000000E+00
    0.0000000000000000E+00
   -0.2615083354940361E-20
   -0.2510137600053683E-20
   -0.8196946040860044E-20
    0.9825839419561369E-20
    0.1254479428479503E-20
   -0.5129580632468327E-21
   -0.1808607811268947E-22
    0.3096411419943994E-22
    0.4382993702385085E-22
   -0.3870885734446336E-23
    0.6680099351455061E-22
   -0.1768519573707309E-21
   -0.4049787168673836E-22
    0.7083953403202190E-23
   -0.1648762111377501E-17
    0.3726860675028083E-22
   -0.1683840150644445E-20
    0.4104006874764590E-10
   -0.3151691127132281E-24
    0.7400004222020147E-25
   -0.4198451798270950E-24
    0.1708370889474024E-23
   -0.9137381609550642E-23
    0.1456481334060407E-22
    0.8198560542705146E-24
    0.2216531589805031E-23
    0.3033724769180085E-22
   -0.3922604144465024E-13
    0.4194859662288724E-24
   -0.8311983256837097E-24
 itype_mp=
               2
 n=
               3
 m=
              -2
 outgoing ampole=
    0.0000000000000000E+00
    0.0000000000000000E+00
    0.2886259055786765E-21
    0.1723627017548352E-21
    0.5086778046335392E-22
    0.2109615744266792E-22
   -0.8230824454981864E-23
    0.5425353190550986E-22
   -0.7631950852002315E-16
   -0.3346141600559292E-09
    0.1061795801210637E-22
    0.1130373861133349E-22
   -0.4551856749331346E-23
   -0.9512367950313342E-23
   -0.2232187996123015E-23
    0.2574418546897794E-23
    0.1120109638712092E-23
   -0.3734433550794248E-24
   -0.6936649295108344E-25
    0.1458163566037651E-25
   -0.3678011098286512E-21
   -0.8588302194310744E-24
    0.2895139142492644E-25
    0.3010453595851029E-24
    0.1820243474470463E-24
   -0.3609025144301149E-25
    0.3959258402568148E-26
   -0.2542303626624885E-25
   -0.8096146398717588E-26
    0.3707069026259196E-26
   -0.6592563437989158E-21
    0.1545957869651529E-25
 outgoing bmpole=
    0.0000000000000000E+00
    0.0000000000000000E+00
   -0.2546840086173165E-20
   -0.1375707192821252E-20
    0.8709689882179209E-20
    0.3340175936041727E-19
   -0.3313633630206749E-20
    0.3956578685453298E-20
    0.2420852800435375E-19
    0.3241291979202196E-21
   -0.4897090407426720E-22
   -0.7749516195709805E-22
   -0.1007482511265682E-20
    0.1801427866195565E-21
    0.7110992390413853E-22
   -0.2350661375905156E-21
   -0.3135477531539781E-22
    0.5988858093239051E-23
    0.4596514296116624E-24
    0.1619596019478919E-24
   -0.1843170439596110E-18
    0.2698455981588989E-09
   -0.7656654684251342E-23
   -0.8349271790502517E-23
    0.3891486985098930E-22
    0.3266709943617357E-22
   -0.8084363274252028E-23
    0.1605426497231815E-22
    0.6942356403199423E-24
    0.2899630843210191E-23
   -0.1495835518570296E-20
   -0.4624255967782873E-13
 itype_mp=
               2
 n=
               3
 m=
              -1
 outgoing ampole=
    0.0000000000000000E+00
    0.0000000000000000E+00
   -0.1046954919688143E-17
   -0.1223827928077862E-20
   -0.1013384666217636E-21
   -0.3788331918418460E-22
   -0.2311350101028583E-21
   -0.9650854589162637E-22
   -0.5444796442949323E-23
    0.7835403758847550E-23
    0.1424290785343618E-11
   -0.2933861954775250E-08
   -0.5889143663950634E-23
   -0.5638535031572497E-23
    0.8954199002347964E-23
    0.2035669992283595E-22
   -0.6207994716045643E-23
    0.7389317617473026E-23
    0.8753560859356658E-25
    0.3375918990397771E-25
    0.7664924250709286E-26
    0.3270160180023353E-24
   -0.5543315802236853E-21
   -0.4067370980454783E-23
   -0.1030601161684538E-24
   -0.2644848521300718E-24
   -0.2355989317205174E-24
    0.3322588654788078E-25
    0.3569940255630909E-25
   -0.1091264378577550E-24
   -0.2765740607678380E-25
    0.5005008785461816E-26
 outgoing bmpole=
    0.0000000000000000E+00
    0.0000000000000000E+00
   -0.4476187223031391E-09
    0.6202373957234350E-06
    0.1350986720389114E-19
    0.3048248034569687E-19
    0.4954064949682983E-20
    0.9564889942052292E-20
    0.7427387727728286E-22
   -0.6359648166058878E-22
   -0.4893876479482216E-19
    0.2627147706915574E-20
   -0.6948620006629657E-21
    0.1272738582234973E-20
   -0.4322246111116217E-21
    0.1247576257483552E-21
    0.2361457132402465E-22
   -0.5862052427488321E-22
    0.2190509013797430E-23
   -0.2634333742292235E-23
    0.8400765142722793E-23
   -0.7771541295845368E-23
   -0.3848445210097533E-12
    0.1663871776487897E-08
    0.7438131479893307E-22
    0.9308137875438445E-22
    0.2136766577530628E-22
   -0.4713208966496590E-24
   -0.4103868408675325E-23
    0.8720595868267500E-23
    0.6780728142629863E-24
    0.8134555210658217E-24
 itype_mp=
               2
 n=
               3
 m=
               0
 outgoing ampole=
    0.0000000000000000E+00
    0.0000000000000000E+00
    0.9111934918252557E-21
    0.1945302300820928E-21
   -0.1324536560385566E-17
   -0.1870258193262544E-19
    0.9156576678008390E-21
   -0.1756745205073207E-21
    0.3488225284994337E-22
   -0.4320621159420985E-22
    0.3356831481920855E-22
   -0.2543552302075979E-22
    0.3033625169046033E-24
    0.5164951159412942E-27
    0.3333397693004081E-22
    0.2594867597371155E-22
    0.3455856874216319E-22
    0.4349018627149562E-22
    0.2253861230211228E-25
   -0.6733009881684161E-25
   -0.8961950668518698E-24
    0.7170393257247202E-25
    0.4590157899241826E-24
   -0.9306811030210010E-24
   -0.1520111196248137E-20
   -0.2050510653976790E-22
    0.4560134989981293E-24
    0.9304270002199857E-24
   -0.8942969495430801E-24
   -0.7610429915069842E-25
    0.1983022341096829E-25
    0.6681372926939668E-25
 outgoing bmpole=
    0.0000000000000000E+00
    0.0000000000000000E+00
   -0.5361157671231688E-20
    0.4016220160085893E-20
   -0.9705955042828381E-08
    0.3197648239932815E-05
    0.5402087644221307E-20
    0.4120317387142006E-20
    0.1989818662375200E-21
   -0.1603007009959015E-22
    0.4320804031798262E-21
    0.7913337108328834E-21
   -0.4828252836089155E-22
    0.2383742900783945E-19
   -0.4405322419650600E-21
    0.7932732030170320E-21
   -0.1969002560916019E-21
   -0.1630594614302508E-22
    0.2607237607462674E-23
    0.3834017356956039E-23
    0.3591221620339243E-23
   -0.5917880751808439E-23
   -0.5783208308256634E-23
    0.2518345304215252E-22
   -0.1022346063587067E-10
    0.5696512688653950E-08
    0.5669043695585173E-23
    0.2500959366061280E-22
   -0.3611729451219586E-23
   -0.6014541865511964E-23
   -0.2626831076456632E-23
    0.3824057343550777E-23
 itype_mp=
               2
 n=
               3
 m=
               1
 outgoing ampole=
    0.0000000000000000E+00
    0.0000000000000000E+00
   -0.2288914272799235E-21
    0.9475506103979376E-22
   -0.1019633676595443E-21
    0.3848810426046477E-22
   -0.1046954088073966E-17
    0.3850225335754094E-20
   -0.6270465226354713E-23
   -0.7407474232074093E-23
    0.9207199670732446E-23
   -0.2036884787361220E-22
   -0.5846331934198835E-23
    0.5588759456382430E-23
   -0.1424290785343330E-11
    0.2933861954775259E-08
   -0.5519316936689677E-23
   -0.7855070703350235E-23
   -0.2794059293333710E-25
   -0.5156041775623575E-26
    0.3591166513707698E-25
    0.1093330877260506E-24
   -0.2339385574315030E-24
   -0.3541519520657903E-25
   -0.1029805177006658E-24
    0.2639144602250817E-24
   -0.5543344681032745E-21
    0.3724766418930718E-23
    0.1182955690510212E-25
   -0.3257178231198385E-24
    0.8747463412625464E-25
   -0.3415616174974071E-25
 outgoing bmpole=
    0.0000000000000000E+00
    0.0000000000000000E+00
   -0.5038692015976673E-20
    0.9547852506400160E-20
   -0.1364232114426032E-19
    0.3035469957830588E-19
   -0.4476187223030175E-09
    0.6202373957234369E-06
   -0.2363181357673933E-22
   -0.5852543063869920E-22
    0.4321169776552816E-21
    0.1271266067728514E-21
    0.6943533542078825E-21
    0.1270276858790572E-20
    0.4893761407140863E-19
    0.1616562555547795E-20
   -0.7372369266793252E-22
   -0.6126707944346043E-22
   -0.6833793787821833E-24
    0.8129575203955586E-24
    0.4141455213362067E-23
    0.8774396268546743E-23
   -0.2137156814121424E-22
   -0.5615324934760071E-24
   -0.7445848857493301E-22
    0.9291935097073618E-22
   -0.3848445210094649E-12
    0.1663871776487898E-08
   -0.8406267641931930E-23
   -0.7831505474912294E-23
   -0.2180316327947865E-23
   -0.2644979527112285E-23
 itype_mp=
               2
 n=
               3
 m=
               2
 outgoing ampole=
    0.0000000000000000E+00
    0.0000000000000000E+00
   -0.6925115681224504E-23
   -0.5384337528790300E-22
    0.5061646156772475E-22
   -0.2089865527520882E-22
    0.2894681634991635E-21
   -0.1720178567005416E-21
    0.1118754423773343E-23
    0.4152182637636260E-24
   -0.2219958405892620E-23
   -0.2634429668650851E-23
   -0.4644207299856201E-23
    0.9493035727572637E-23
    0.1075304273490159E-22
   -0.1112504719460177E-22
    0.7631950854655295E-16
    0.3346141600559290E-09
   -0.6592565493645100E-21
   -0.1463259653839140E-25
   -0.7813023322987836E-26
   -0.3274252357662195E-26
    0.6340068983969394E-26
    0.2773368794174725E-25
    0.1825210725008384E-24
    0.3591319587684213E-25
    0.3125260353853973E-25
   -0.3020339623500976E-24
   -0.3678005017592213E-21
    0.8671361409584415E-24
   -0.6955681492855079E-25
   -0.1482623511868325E-25
 outgoing bmpole=
    0.0000000000000000E+00
    0.0000000000000000E+00
    0.3303236551819795E-20
    0.3972807825197867E-20
   -0.8800648251420481E-20
    0.3339009785016458E-19
    0.2592499138839165E-20
   -0.1446875439951429E-20
    0.3137250740483734E-22
    0.6042291115974658E-23
   -0.7138336709184004E-22
   -0.2354875686167395E-21
    0.1006655223980098E-20
    0.1835350406442348E-21
    0.4808119730303322E-22
   -0.8017368305394437E-22
   -0.2420808658186619E-19
    0.3252691949299606E-21
   -0.1495728159626621E-20
   -0.4624255967782969E-13
   -0.6928396056541227E-24
    0.2855366186297968E-23
    0.7967908164645309E-23
    0.1606832035240344E-22
   -0.3899393109290051E-22
    0.3285946201730952E-22
    0.7634447221985091E-23
   -0.8376101544722530E-23
   -0.1843170132653448E-18
    0.2698455981588993E-09
   -0.4654932428020746E-24
    0.1546595677887009E-24
 itype_mp=
               2
 n=
               3
 m=
               3
 outgoing ampole=
    0.0000000000000000E+00
    0.0000000000000000E+00
    0.6014848013464996E-24
   -0.3190260666748252E-24
    0.2403465529925511E-23
    0.2718633009849656E-22
   -0.9176483642506251E-22
    0.3648878668432130E-22
    0.1434392896482163E-19
    0.6013754617929447E-13
    0.1641442864968829E-24
    0.1835254929100730E-25
    0.1887455196078799E-23
    0.2280173626281030E-23
    0.4045920724125694E-23
   -0.7772010722706681E-23
    0.7520136678789351E-24
    0.3197245942543233E-24
   -0.2015765522413194E-27
    0.4861201215861450E-28
   -0.1059855001551496E-20
    0.4047913747299923E-26
    0.1692998180259181E-26
   -0.3946757361152732E-27
   -0.1481807117326910E-25
   -0.5907303340031232E-25
   -0.9485005721887938E-25
   -0.2258478961836106E-25
    0.6912438094489508E-25
   -0.5109673116904150E-26
    0.1044859128787198E-21
    0.5232833887175415E-25
 outgoing bmpole=
    0.0000000000000000E+00
    0.0000000000000000E+00
   -0.1256874534129325E-20
   -0.5136937326959925E-21
    0.8167326985651258E-20
    0.9860349004631048E-20
    0.2617302903107996E-20
   -0.2508816738997237E-20
    0.1648761816757039E-17
    0.3784086666803103E-22
    0.4009894865802137E-22
    0.7299220315882476E-23
   -0.6704734873136797E-22
   -0.1772487251178585E-21
   -0.4392816561507389E-22
   -0.3523689463873402E-23
    0.1760185818228545E-22
    0.3052290193347766E-22
   -0.4276356247385468E-24
   -0.8314769203209675E-24
    0.3049539147841834E-22
   -0.3922604144465185E-13
   -0.8340327454821846E-24
    0.2225467028060817E-23
    0.9100221371011790E-23
    0.1460620046188110E-22
    0.4133099415230686E-24
    0.1720437200796136E-23
    0.3185326582238575E-24
    0.8731543719067874E-25
   -0.1683835746993154E-20
    0.4104006874764595E-10
