 omega=
    0.6283185307179587E-02
 rk=
    0.6283185307179587E-02
    0.0000000000000000E+00
 radius=
    0.6000000000000000E+02
 nterms=
               3
 itype_mp=
               1
 n=
               1
 m=
              -1
 outgoing ampole=
    0.0000000000000000E+00
    0.0000000000000000E+00
   -0.9879241913607883E-06
   -0.1329319984382069E-04
   -0.1717633539445748E-17
    0.9304815677111072E-17
    0.1245174313451805E-16
    0.2604271990155029E-17
    0.5128980393076853E-19
   -0.8791818389306790E-19
    0.5868285677652958E-15
    0.2569331704062388E-17
   -0.7456353625504540E-18
    0.2950195669619239E-18
    0.7459153182153798E-20
    0.4365623021012302E-18
   -0.5070537474454781E-18
    0.1983875790806806E-18
    0.7548700037888743E-21
   -0.8550109175857274E-21
    0.7111624606346725E-20
   -0.2490577988574147E-19
   -0.6177793078437683E-09
   -0.7664412004311137E-08
    0.1121618361949252E-19
    0.5377154301810862E-20
    0.1286842196338452E-19
   -0.5858027145218202E-20
   -0.3656394200645706E-20
   -0.2671869512523405E-19
    0.2092883444238458E-20
   -0.7386213228245622E-20
 outgoing bmpole=
    0.0000000000000000E+00
    0.0000000000000000E+00
   -0.7227361809231378E-14
   -0.3953901384359474E-15
   -0.2610699697317198E-15
    0.4033512217622284E-15
    0.2866430339766678E-18
    0.5493144795895858E-18
    0.1307030888795821E-19
   -0.2170956364530543E-20
    0.6106611769333068E-08
   -0.1545429730368565E-05
   -0.3285886320803718E-17
   -0.4684879401894158E-18
    0.7209449415360740E-19
    0.1285566729430971E-18
    0.2803203228958639E-19
   -0.3410964840549868E-19
   -0.4926835579264264E-21
    0.2938184687641103E-21
    0.1472985794700123E-20
   -0.6991065665069084E-21
   -0.7002044250001233E-17
   -0.6902205158103146E-18
   -0.2984629023032218E-18
    0.4420218120637859E-18
   -0.4197505923555266E-20
   -0.2296612154897581E-20
    0.8167323328203712E-21
    0.1238951473678665E-20
    0.2009323307643052E-22
    0.2591659493381211E-21
 itype_mp=
               1
 n=
               1
 m=
               0
 outgoing ampole=
    0.0000000000000000E+00
    0.0000000000000000E+00
    0.1102764787069865E-16
    0.1083051620058594E-16
   -0.5495047960368759E-06
   -0.8235549265329739E-05
   -0.1251139709881153E-16
    0.9635069998582423E-17
    0.2388773918429986E-18
    0.1837773384781487E-18
    0.8772572746186876E-18
   -0.3374843721392525E-18
   -0.8796119443121843E-19
    0.1793209991194865E-17
   -0.8137971099468149E-18
   -0.4618512445517225E-18
   -0.2658711521032975E-18
    0.1488195384366897E-18
   -0.3727624950941974E-20
   -0.4247780152531231E-20
    0.7382566230550214E-20
    0.1462311805081455E-19
    0.3380392505926909E-20
    0.3893569681304711E-20
   -0.4184839300317066E-09
   -0.6246524386047051E-08
   -0.4188398324018587E-20
    0.3564911836731972E-20
   -0.8682270716357502E-20
    0.1348419727766965E-19
    0.4205904337481710E-20
   -0.3693041906691459E-20
 outgoing bmpole=
    0.0000000000000000E+00
    0.0000000000000000E+00
   -0.2737106889738062E-17
   -0.3033402417362885E-17
   -0.6674257654136374E-13
   -0.9280841354060057E-14
   -0.3003047510877546E-17
    0.2626553720714418E-17
   -0.1507820033101181E-18
    0.6838995494626130E-19
   -0.5072949360441286E-19
   -0.7663675088687047E-19
   -0.2298496460443519E-19
   -0.1922752213264385E-20
   -0.5947921033944814E-19
    0.6631673975275679E-19
   -0.1391042525534642E-18
   -0.8982652566178270E-19
   -0.1633372804926942E-21
    0.1523992692875306E-20
    0.2624720994551082E-20
   -0.1118530347963561E-20
   -0.3269695802115812E-20
    0.7598115583086047E-21
    0.1236041342597409E-15
   -0.1504841848799712E-17
   -0.3035027555261384E-20
   -0.1185131237053052E-20
    0.2471238622789402E-20
    0.1472327183711234E-20
    0.6164157696799145E-22
   -0.1521573617881749E-20
 itype_mp=
               1
 n=
               1
 m=
               1
 outgoing ampole=
    0.0000000000000000E+00
    0.0000000000000000E+00
   -0.1219210264703568E-16
    0.2070001549526516E-17
    0.9802819486509150E-18
    0.9494923363420500E-17
   -0.9879241913503371E-06
   -0.1329319984382273E-04
    0.4945651566346229E-18
    0.2537429599036695E-18
   -0.5717382194323034E-19
    0.4165890103146231E-18
    0.6872062210107937E-18
    0.4210817770801625E-18
   -0.5869257717612534E-15
   -0.4482886056046743E-18
   -0.3598814690440784E-19
   -0.7636268945991063E-19
   -0.1446250898127247E-20
   -0.7350570879421841E-20
    0.7347456824083068E-20
   -0.2617359750292704E-19
   -0.1081612155711136E-19
   -0.6472720769391743E-20
   -0.1128119004718192E-19
    0.3040722470499987E-20
   -0.6177793078339786E-09
   -0.7664412004310348E-08
   -0.3858669859644236E-20
   -0.2555376046251946E-19
   -0.7773601712388991E-21
   -0.8386840717424420E-21
 outgoing bmpole=
    0.0000000000000000E+00
    0.0000000000000000E+00
    0.3176631382118587E-18
   -0.5975465737734828E-18
   -0.3293328834480513E-15
   -0.3505633754697166E-15
   -0.7226374409103975E-14
   -0.4087132673196062E-15
    0.2436548919449432E-19
    0.3729987897178020E-19
    0.9167882997855165E-19
   -0.1137525458212511E-18
   -0.2973075524520436E-17
    0.1247906213591380E-17
   -0.6106611769462800E-08
    0.1545429730368510E-05
    0.1135375171651538E-19
    0.2891248859223893E-20
    0.5838174519941018E-22
   -0.2503569869246908E-21
    0.9698208085027234E-21
   -0.1206099496085875E-20
   -0.4590048992210001E-20
    0.1558679529445844E-20
   -0.3705709368501353E-18
   -0.3770697198069978E-18
   -0.7002258729293198E-17
   -0.6856315989287431E-18
    0.1366702589619917E-20
    0.9317217652249152E-21
   -0.4465825745672675E-21
   -0.3648441734073565E-21
 itype_mp=
               1
 n=
               2
 m=
              -2
 outgoing ampole=
    0.0000000000000000E+00
    0.0000000000000000E+00
   -0.3775642874402469E-19
   -0.1563609904585282E-18
   -0.3000505428085645E-18
    0.3185718906186935E-18
   -0.5095667942838080E-18
    0.2409679930399686E-18
   -0.1433891084259258E-09
   -0.1954630221248605E-08
   -0.1496301500310426E-19
   -0.2349288281925951E-19
   -0.1495916109837627E-19
   -0.5631718920890442E-20
   -0.2663917594568396E-20
   -0.4127584630916490E-19
    0.4093724608530900E-20
   -0.1281898581238899E-19
    0.2567639206625885E-22
   -0.3306314620487183E-22
    0.2408135085331922E-18
    0.1349018961360364E-20
   -0.5638586301149698E-21
   -0.2453931121781982E-21
    0.2104399636262784E-21
    0.6270256229352110E-22
   -0.1090078728785053E-21
   -0.2047260182309154E-21
    0.3844371852203713E-21
   -0.2002097236278081E-21
   -0.1496426794699257E-17
   -0.1915072125314220E-20
 outgoing bmpole=
    0.0000000000000000E+00
    0.0000000000000000E+00
   -0.1926001845624618E-19
   -0.5295485170095002E-19
   -0.5978491465088386E-16
   -0.3809498843082197E-16
    0.5211268364917419E-19
   -0.7752549862310874E-19
   -0.4761029340301997E-17
   -0.2931096387100247E-18
    0.8995074244247525E-21
   -0.3773138881314292E-20
    0.4381802103362285E-18
    0.1115300897215706E-18
    0.1487630214672460E-21
    0.3226579324974087E-20
   -0.3911117657447263E-22
    0.4247500945598066E-21
    0.4993197597433896E-23
    0.3727836572653026E-23
    0.7549740504593239E-12
   -0.2247395237225070E-09
    0.2066065993849555E-22
   -0.4114763193830507E-22
   -0.6500903387385249E-19
   -0.4429624489063867E-19
   -0.1582986995227031E-21
    0.2380281761837045E-21
    0.3380856340485614E-22
    0.1895869774617163E-22
    0.8704359338855424E-14
   -0.9386385847085870E-13
 itype_mp=
               1
 n=
               2
 m=
              -1
 outgoing ampole=
    0.0000000000000000E+00
    0.0000000000000000E+00
    0.5671805266360416E-15
    0.7330264429693325E-17
   -0.1341869100752391E-17
   -0.1756965905907954E-18
   -0.2932661991484128E-18
    0.2690083684898989E-18
    0.1605630340335678E-19
   -0.9987640719035955E-20
   -0.1117095753800675E-08
   -0.1417555786863588E-07
    0.1927880310684007E-19
    0.2874488762594214E-19
    0.1603226874805752E-19
    0.1882297228428453E-19
    0.1836582060067254E-21
   -0.1928615980133167E-19
    0.1500876705943642E-21
   -0.1621477120063986E-22
    0.1243662788609825E-21
   -0.5124887343528640E-21
   -0.4400607188821791E-18
    0.5813015460767762E-20
   -0.1767539900257611E-21
    0.1155846166810172E-21
    0.8091663800799177E-21
    0.8279071413032585E-21
   -0.5132422991703717E-21
   -0.6845958066488914E-22
    0.4495277342033126E-22
   -0.1890878175112044E-21
 outgoing bmpole=
    0.0000000000000000E+00
    0.0000000000000000E+00
    0.2829324280381141E-08
   -0.1001668477473701E-05
   -0.1037103007061417E-16
   -0.2923012900829667E-17
   -0.3186354257074846E-18
   -0.1016035751396245E-18
    0.3052746068059693E-21
   -0.2027178574690993E-20
   -0.3561162163661018E-16
   -0.2693173494495490E-17
   -0.1617820654804359E-18
   -0.4507311049822833E-19
    0.1341431586427143E-21
    0.2871540441878504E-21
    0.1941010547372491E-20
   -0.3744240865764483E-20
   -0.4587410323412694E-22
   -0.1418978618011430E-22
    0.4787664148673630E-24
   -0.5995301895354440E-22
    0.7810613868562169E-11
   -0.2052712302387780E-08
   -0.1162863230559413E-19
   -0.3078892905439456E-20
   -0.1140256745664311E-21
    0.4149390558099689E-21
    0.6345612711102873E-22
    0.6164164125906159E-22
   -0.5448703707224535E-22
    0.5018920964842067E-22
 itype_mp=
               1
 n=
               2
 m=
               0
 outgoing ampole=
    0.0000000000000000E+00
    0.0000000000000000E+00
    0.4288542000494568E-18
   -0.5299162764951591E-18
   -0.9948355343459814E-19
    0.1912348476898800E-17
   -0.3712050645830883E-18
   -0.5981027189773474E-18
    0.5560539113613559E-20
    0.9172714577499010E-20
    0.1853995794822572E-19
   -0.1266640964060926E-20
   -0.8902332406961718E-09
   -0.1315567565400571E-07
   -0.1920761193535117E-19
   -0.2809925317114148E-20
   -0.6033731015109287E-20
    0.8461757913600338E-20
   -0.6609683230247011E-22
    0.7995312590463571E-22
   -0.7961426910430334E-22
    0.4473954728990588E-21
    0.1652871165997812E-20
   -0.9642941664660109E-21
   -0.2713282645763312E-21
    0.5412475309579198E-20
   -0.1538436590020381E-20
   -0.1181452892868733E-20
   -0.7875498425516201E-23
    0.4439552985557858E-21
    0.4988492919790357E-22
    0.8212121213210660E-22
 outgoing bmpole=
    0.0000000000000000E+00
    0.0000000000000000E+00
   -0.3948010069592860E-20
   -0.6991658210758400E-19
   -0.4952267810582233E-19
    0.2308233920867799E-21
   -0.1027033319971075E-19
    0.6549638863683636E-19
    0.4049331604191835E-20
   -0.1400035203171074E-20
   -0.6894408216977049E-20
   -0.4747566685853674E-21
    0.1749336558750100E-15
    0.1556429232313226E-16
   -0.6579483312362995E-20
   -0.2774690292018913E-21
    0.3843620332709654E-20
    0.1965193647691212E-20
    0.5682817661920795E-22
    0.8263603984192308E-22
   -0.1967121804747400E-21
    0.3447719219257636E-21
   -0.2007982549265769E-21
    0.9836697484948380E-22
   -0.8262841842416664E-22
   -0.2859541195672427E-23
   -0.1806791145260869E-21
   -0.1275083427511564E-21
   -0.1470029232535731E-21
   -0.3698434349028084E-21
    0.6780413830731418E-22
   -0.7376741514000897E-22
 itype_mp=
               1
 n=
               2
 m=
               1
 outgoing ampole=
    0.0000000000000000E+00
    0.0000000000000000E+00
    0.2458000037401319E-18
    0.2872840027040085E-18
    0.1276723029625738E-17
    0.3060451787545637E-19
   -0.5672717253163064E-15
   -0.5267279829130977E-17
    0.2606042144607789E-20
   -0.1936433304018500E-19
   -0.1568529192433732E-19
    0.1857118941530958E-19
   -0.2163198395793949E-19
    0.2392948591757565E-19
   -0.1117095753758660E-08
   -0.1417555786862084E-07
   -0.1473903709535552E-19
   -0.1160534439821796E-19
   -0.1858793216518805E-22
   -0.1948447705710091E-21
    0.5092483664506433E-21
   -0.1773365691705148E-22
   -0.9266921870457296E-21
    0.6833324197681610E-21
    0.5226753788828228E-22
    0.1519848408854858E-21
    0.4397362665450944E-18
   -0.3123940896996138E-21
   -0.4205071941607284E-22
   -0.4974240997821696E-21
   -0.1469284196537784E-21
   -0.3714608225750527E-22
 outgoing bmpole=
    0.0000000000000000E+00
    0.0000000000000000E+00
   -0.3263157478776722E-18
    0.5601962345653944E-19
   -0.9409092675028943E-17
    0.4685881667919838E-17
   -0.2829324280585897E-08
    0.1001668477473730E-05
    0.1341397101921714E-20
    0.3903717073585119E-20
    0.1087821561156949E-21
   -0.4197145730283594E-21
   -0.1416494699085353E-18
    0.8414906010541985E-19
   -0.3561140984163368E-16
   -0.2693710806979450E-17
    0.3113114852261343E-22
    0.2073343661349544E-20
   -0.4674861282097248E-22
   -0.5678134248803827E-22
    0.7248473231188124E-22
   -0.5225605938102999E-22
   -0.5849528884198357E-22
   -0.4180573523183846E-21
   -0.1030728527396944E-19
    0.5247511164987059E-20
   -0.7810613868903346E-11
    0.2052712302387825E-08
   -0.9950820802725635E-23
    0.5936393722626834E-22
   -0.4762604918224899E-22
    0.7171854603476334E-23
 itype_mp=
               1
 n=
               2
 m=
               2
 outgoing ampole=
    0.0000000000000000E+00
    0.0000000000000000E+00
    0.4953473738962022E-18
    0.2990745100866519E-18
    0.2073248928233189E-18
    0.2535951572234293E-18
    0.7383031457878006E-19
   -0.1723379920392176E-18
   -0.2840637100088727E-20
   -0.1276309583395310E-19
    0.8815886484126462E-20
   -0.4106246036950804E-19
    0.1736840121548369E-19
   -0.2492157587919814E-20
    0.1790897823262440E-19
   -0.2177122194101314E-19
   -0.1433891084320780E-09
   -0.1954630221285037E-08
    0.1496417051454931E-17
    0.2116727063215022E-20
   -0.3565116588482960E-21
   -0.2570077940399999E-21
    0.1291114251819393E-21
   -0.2014503820845055E-21
   -0.2639858447432898E-21
   -0.4716735790915502E-22
    0.5936881191807512E-21
   -0.1807978534356424E-21
   -0.2408416884700440E-18
   -0.6838901805188557E-21
   -0.1965224940093984E-22
   -0.2978706920540958E-22
 outgoing bmpole=
    0.0000000000000000E+00
    0.0000000000000000E+00
    0.4067188677104501E-19
    0.8422141147151944E-19
   -0.4928778001481890E-16
    0.4983025327430405E-16
   -0.2629068598366491E-19
    0.4802169272143733E-19
    0.6342850031974725E-22
   -0.3793987899801383E-21
    0.6022363578334353E-21
   -0.3140444084060369E-20
    0.3970032444276885E-18
   -0.2062879531499230E-18
    0.4794132605904168E-21
    0.3829034933725565E-20
   -0.4760590084984774E-17
   -0.2982227017868849E-18
   -0.8704359362249414E-14
    0.9386385828305820E-13
    0.3529842629532046E-22
   -0.1323255133438719E-22
   -0.1213286880554516E-21
   -0.2612926387496298E-21
   -0.5269460117554560E-19
    0.5732423833916879E-19
    0.1681744997900318E-22
    0.4043988318246165E-22
   -0.7549740502169842E-12
    0.2247395237234653E-09
    0.4735678185262681E-23
   -0.3022992650637280E-23
 itype_mp=
               1
 n=
               3
 m=
              -3
 outgoing ampole=
    0.0000000000000000E+00
    0.0000000000000000E+00
   -0.2333172523055294E-20
   -0.9512477673739707E-21
    0.6025297896250888E-20
   -0.2314819242274777E-19
    0.3230855403647329E-20
   -0.7767799955596753E-20
    0.5405446226053125E-23
   -0.6233815642601513E-22
   -0.6830087356603809E-22
    0.5013002104416809E-22
    0.2149335298053527E-21
   -0.1693478220249533E-21
    0.2908360488811950E-21
   -0.1242215484366805E-21
   -0.1117954862013797E-17
   -0.2387577839033944E-21
   -0.1286245856453897E-13
   -0.1745738022532573E-12
   -0.5263883412571778E-23
   -0.6828891848847224E-23
   -0.6586769127480507E-23
   -0.8718854906907933E-23
   -0.4508031669855016E-23
    0.5585679607974942E-24
    0.3942734577049910E-23
   -0.4090472394743883E-23
   -0.1072384912120588E-15
    0.2505574196025461E-13
   -0.2022868517676938E-23
   -0.1876634524240580E-23
 outgoing bmpole=
    0.0000000000000000E+00
    0.0000000000000000E+00
    0.4214833407860074E-21
   -0.3934396004843352E-21
    0.2997756866705023E-20
   -0.8542742031515545E-19
    0.6944343405463909E-22
    0.2880040088728083E-21
   -0.3127885062304622E-23
   -0.6915996554196900E-23
    0.6930222229081055E-22
    0.9755200424684501E-23
    0.1115925600359450E-20
   -0.1818673131406106E-20
    0.5585240387711661E-22
   -0.5160476838969811E-23
    0.9557527175189857E-14
   -0.1233850996818679E-12
   -0.1139343255518277E-20
   -0.7218528549107672E-22
   -0.1484805453841903E-24
   -0.7253336072517898E-24
   -0.4689837759323882E-24
   -0.1274008365056689E-23
    0.3380228533083265E-23
   -0.9117999558041540E-22
   -0.8359047285985255E-24
    0.4756290192152536E-24
    0.1399075263386998E-19
    0.9880019065847457E-21
    0.3005837139842623E-25
   -0.6627480522822456E-25
 itype_mp=
               1
 n=
               3
 m=
              -2
 outgoing ampole=
    0.0000000000000000E+00
    0.0000000000000000E+00
   -0.6159308864289456E-20
   -0.3200209337167755E-19
   -0.4958644074009998E-19
    0.1049613042636715E-19
   -0.5915718677816519E-20
   -0.1348125133429485E-19
    0.8956539901237123E-19
    0.1682465057885846E-20
   -0.7033958707717207E-21
   -0.4887972913188198E-21
    0.7076328278185375E-21
    0.5694745755095813E-21
   -0.4726561262500339E-21
   -0.2565318033665734E-21
    0.1769042066213814E-21
   -0.2506802791630912E-21
    0.4981312933897248E-23
   -0.3408937047132121E-23
   -0.1102340182696033E-12
   -0.1410195293212576E-11
    0.1794451529920812E-23
   -0.4528717066548117E-22
   -0.4496911151609133E-22
    0.2130066223430600E-22
   -0.1951167442485361E-22
   -0.5405875649581909E-22
    0.7038198571128592E-23
   -0.1909593775055618E-22
   -0.4312196911320046E-16
    0.1127581993209554E-13
 outgoing bmpole=
    0.0000000000000000E+00
    0.0000000000000000E+00
    0.1056897319666912E-20
   -0.2868892057986154E-20
    0.1153623870462576E-17
    0.1883575958301637E-18
    0.2340619086258011E-20
   -0.2590780138492762E-20
    0.5154285607089019E-12
   -0.1664140170584936E-09
   -0.2804937342400792E-22
   -0.1030152981491164E-21
   -0.2928675192583181E-19
   -0.4068958062872817E-19
   -0.5292372316488993E-22
    0.1901536573227759E-21
   -0.4977815499681826E-22
    0.6867879076320446E-22
    0.5383249478965230E-24
   -0.3828984954306863E-24
   -0.1068595246453614E-19
   -0.8397121468008291E-21
    0.8124458578728915E-23
   -0.1724931548417861E-23
    0.1394338336813298E-20
    0.1242741743768749E-21
    0.5118297240960198E-23
   -0.4159207744555547E-23
   -0.8973344474837320E-24
    0.1313200979537900E-23
    0.1369397339339118E-19
    0.9565702781195479E-21
 itype_mp=
               1
 n=
               3
 m=
              -1
 outgoing ampole=
    0.0000000000000000E+00
    0.0000000000000000E+00
   -0.6179230214473767E-09
   -0.7676993437772272E-08
    0.7902619742035393E-20
    0.3641540156679759E-19
    0.1902817599128951E-19
    0.7704507303328698E-20
    0.1130451724762736E-21
   -0.3668326819197716E-21
   -0.5758821069324740E-18
    0.3517173982317277E-21
   -0.9385509382196327E-21
    0.6404007943140107E-21
    0.4626519622279722E-21
    0.8815318534771890E-21
   -0.2927922608255518E-21
    0.1612590828759593E-21
    0.5176564913901569E-23
   -0.4124376239555667E-23
    0.1449168071758412E-22
   -0.4268182097039551E-22
   -0.9759965032812473E-12
   -0.1240104439324760E-10
    0.5255074515469911E-23
    0.7578801872091568E-22
    0.5547121906079821E-22
    0.1896631878921574E-22
   -0.6492214311693832E-23
   -0.4653479909057592E-22
    0.5121814434474755E-23
   -0.1125829502967881E-22
 outgoing bmpole=
    0.0000000000000000E+00
    0.0000000000000000E+00
   -0.9204828494606716E-17
   -0.6849886990037867E-18
   -0.6134326031388796E-18
   -0.2060822206805014E-18
    0.4984260314126445E-20
    0.1966037938434107E-20
    0.1094390047128674E-22
   -0.8291340465734126E-22
    0.4964976580534741E-11
   -0.1560294979398635E-08
   -0.7512327669066029E-20
   -0.5628467752088439E-20
   -0.3379909608555661E-21
   -0.7021562899558180E-22
    0.1198236800257509E-21
   -0.5348058588158904E-22
    0.1304533420741016E-24
   -0.7916016596853211E-24
   -0.5496761358688501E-23
   -0.1241775864835569E-23
    0.2235918985782599E-19
    0.1542734187322995E-20
   -0.6956305254001981E-21
   -0.2326088846715989E-21
   -0.2079197444924919E-23
   -0.2325776149747996E-23
    0.2500600917832940E-23
    0.2684884382050058E-24
    0.3351654213887155E-24
    0.6281292403836934E-24
 itype_mp=
               1
 n=
               3
 m=
               0
 outgoing ampole=
    0.0000000000000000E+00
    0.0000000000000000E+00
    0.1371378570995325E-19
   -0.1645503015449812E-19
   -0.4185411478582332E-09
   -0.6256665539882725E-08
   -0.1202584218751357E-19
   -0.1732497209552389E-19
   -0.9258355258845458E-22
    0.1457202169620749E-21
    0.1388331199582496E-20
   -0.1288055242903068E-20
   -0.2803852106585657E-21
    0.5584086948765795E-20
   -0.1269349091705817E-20
   -0.1477242745249259E-20
    0.5345754926861667E-22
    0.1524861438716689E-21
   -0.2297331241842865E-23
    0.7688083705547816E-24
   -0.9791849523703440E-24
    0.4056530880977711E-22
    0.2764418864915829E-22
    0.8358742812278842E-23
   -0.8838105928070029E-12
   -0.1304908367655121E-10
   -0.3085926069407496E-22
    0.6490118665174514E-23
   -0.3745918181005602E-23
    0.4035218773912427E-22
    0.2245824463759233E-23
    0.1126473306600774E-23
 outgoing bmpole=
    0.0000000000000000E+00
    0.0000000000000000E+00
   -0.1879343222341157E-20
    0.6249021786920045E-21
    0.1323534374699349E-15
    0.3197493627916225E-16
   -0.6054110059750721E-21
   -0.5268567557892600E-21
   -0.1316640737392395E-21
    0.3212695278039487E-21
   -0.3515359522487886E-21
    0.1358428702648985E-21
   -0.1627846181378696E-21
   -0.3921911419713798E-22
   -0.2942595616323709E-21
   -0.2632663589127354E-21
   -0.1814621143850045E-22
   -0.3572263903287014E-21
    0.1654186592417845E-24
   -0.1979693085751460E-23
    0.4138183578011322E-23
   -0.1598189110192034E-23
   -0.1633708925880739E-23
    0.5760221628070210E-23
    0.4673381994389502E-19
    0.3387600172819651E-19
    0.2746879005696279E-23
   -0.6806353286373880E-23
    0.2839223564810022E-23
   -0.7239535377233647E-24
   -0.2522877941059873E-24
    0.2286724399201892E-23
 itype_mp=
               1
 n=
               3
 m=
               1
 outgoing ampole=
    0.0000000000000000E+00
    0.0000000000000000E+00
   -0.1829849430625426E-19
    0.6168521452164162E-20
   -0.7812324677031129E-20
    0.3224081810792991E-19
   -0.6179230214109582E-09
   -0.7676993437768441E-08
    0.2597751756007066E-21
    0.1889116069133854E-21
   -0.6031857267177559E-21
    0.7556856145915295E-21
    0.8765948217832181E-21
    0.7168672624111716E-21
    0.5755543391370480E-18
    0.5259586695444530E-20
   -0.5947009709046123E-22
   -0.3642222113899249E-21
   -0.3719462915891052E-23
   -0.1161825562890676E-22
    0.1244441220805065E-22
   -0.4499974876224428E-22
   -0.5713118387692540E-22
    0.1412812798237394E-22
   -0.1239462846891517E-22
    0.6850119637663778E-22
   -0.9759965031940278E-12
   -0.1240104439324014E-10
   -0.9353962917442605E-23
   -0.4381295397640306E-22
   -0.4585216671279912E-23
   -0.4693584882707328E-23
 outgoing bmpole=
    0.0000000000000000E+00
    0.0000000000000000E+00
    0.5181070179014422E-20
   -0.1380560005254331E-20
   -0.5526100080707034E-18
    0.3019043229707296E-18
   -0.9204539727828178E-17
   -0.6890720951763837E-18
    0.1102548175731716E-21
    0.6994202252897200E-22
   -0.3458224744944238E-21
    0.2902792024923867E-22
   -0.6443164968432025E-20
    0.6955048248265086E-20
   -0.4964976580920022E-11
    0.1560294979398722E-08
    0.2834368773816071E-24
    0.8194734407637487E-22
    0.4363850781128670E-24
   -0.5569003473850071E-24
    0.2567980765692149E-23
    0.1174638671119548E-25
   -0.2307651170435409E-23
    0.1738390482131733E-23
   -0.6108150104993898E-21
    0.3442230803492147E-21
    0.2235694809333952E-19
    0.1575448004426554E-20
   -0.5645941133241248E-23
    0.3917038367516404E-24
    0.1299755918153150E-25
    0.7993816604869170E-24
 itype_mp=
               1
 n=
               3
 m=
               2
 outgoing ampole=
    0.0000000000000000E+00
    0.0000000000000000E+00
    0.8168530808386247E-20
   -0.1292066703409502E-19
    0.4578494828042766E-19
    0.5676425469717083E-20
    0.1026768416270277E-19
   -0.3101228356735345E-19
   -0.1412728301402358E-21
   -0.2765331430734222E-21
    0.4932634919528659E-21
   -0.2111893811595156E-21
   -0.7681397786323773E-21
    0.4947792427142385E-21
    0.7761670596002936E-21
   -0.4254597700067678E-21
   -0.8959237943835074E-19
   -0.1022274223100195E-20
   -0.4312196348099350E-16
    0.1127581993267453E-13
   -0.4750485541257595E-23
   -0.1937822249114122E-22
    0.2667415273702179E-22
   -0.5060414625606751E-22
    0.3997973974757714E-22
    0.1808061031024834E-22
    0.4400864578896657E-23
   -0.4553395550992595E-22
   -0.1102340182821009E-12
   -0.1410195293300055E-11
   -0.4489459714531004E-23
   -0.3972680439075597E-23
 outgoing bmpole=
    0.0000000000000000E+00
    0.0000000000000000E+00
    0.1865240251556577E-20
    0.2897824427418266E-20
    0.9933852313878430E-18
   -0.4826988528315382E-18
    0.7684430528766222E-21
    0.3068324182141155E-20
   -0.4101195532946733E-22
   -0.7562647975349909E-22
   -0.7782085031347741E-23
   -0.1938417074176997E-21
   -0.1694562044008260E-19
    0.4682987901952964E-19
   -0.4953996372541505E-22
    0.9090337078200243E-22
   -0.5154285567063595E-12
    0.1664140170792020E-09
    0.1369386824885392E-19
    0.9580100925804590E-21
   -0.6014221685777754E-24
   -0.1486090892559690E-23
    0.4743008068847293E-23
    0.5454153631900821E-23
    0.1217800205267356E-20
   -0.5086072334483930E-21
    0.7970914282420775E-23
    0.3862236640197869E-23
   -0.1068559972047201E-19
   -0.8441692749954104E-21
    0.5044354537700366E-24
    0.4837986102288621E-24
 itype_mp=
               1
 n=
               3
 m=
               3
 outgoing ampole=
    0.0000000000000000E+00
    0.0000000000000000E+00
   -0.2509573308146657E-20
   -0.7714389726596743E-20
   -0.2864619506137332E-20
   -0.2390494757950012E-19
    0.2178089432229357E-20
   -0.1072052214818105E-20
    0.1117943547471225E-17
    0.4667729259383448E-21
   -0.2719646645312277E-21
   -0.1686536580742790E-21
   -0.1953471144602325E-21
   -0.1881557888469435E-21
    0.6322727539317929E-22
    0.6175325872076384E-22
    0.7488950407307302E-23
   -0.7019510483681063E-22
    0.2145305248039286E-23
   -0.1610171127183225E-23
   -0.1072384855832674E-15
    0.2505574196053298E-13
   -0.3487925260000368E-23
   -0.4447456215375206E-23
    0.4237492805734588E-23
    0.1173003841050365E-23
    0.7406079217901451E-23
   -0.7907813872698345E-23
    0.6094185234999697E-23
   -0.6178246319449661E-23
   -0.1286245856406791E-13
   -0.1745738022532384E-12
 outgoing bmpole=
    0.0000000000000000E+00
    0.0000000000000000E+00
    0.1061464426666277E-21
   -0.2752247565255690E-21
    0.6933690566995020E-20
    0.9726188185741614E-19
    0.3720978062520463E-21
    0.4565619201952701E-21
   -0.9557527172418084E-14
    0.1233850996852173E-12
    0.5468877632737440E-22
    0.1341964651242960E-22
    0.1539018103770259E-20
    0.1681724124732880E-20
    0.7103678107618682E-22
    0.3482290096678251E-24
   -0.3803276020499061E-23
    0.5956481926712890E-23
    0.1400422786479610E-25
    0.6848359095591380E-25
    0.1399082375267728E-19
    0.9871099843866057E-21
   -0.7361288285482626E-24
   -0.6120437864451534E-24
    0.5163230926821027E-23
    0.1037149505353283E-21
   -0.6484912045205816E-24
    0.1218787948521972E-23
   -0.2578947623177941E-24
    0.7014072836813310E-24
   -0.1139282006271218E-20
   -0.7301129518298398E-22
 itype_mp=
               2
 n=
               1
 m=
              -1
 outgoing ampole=
    0.0000000000000000E+00
    0.0000000000000000E+00
   -0.3905908054290208E-13
    0.2369980152958502E-14
    0.3787994630695781E-16
    0.3806211411353957E-17
    0.1596159800000480E-16
    0.6238904954736506E-17
   -0.3132207648035867E-18
   -0.8872590882082088E-18
    0.2527318122896754E-08
   -0.1004191581742772E-05
    0.1939599190613919E-18
    0.5189792167325219E-18
    0.7072014491227939E-18
   -0.1829005868563643E-17
   -0.4057085929196312E-18
   -0.6721118890110144E-18
   -0.7127767534827719E-20
   -0.3217149380216676E-20
   -0.1497930004954703E-19
    0.1008375426059266E-19
    0.1238136729377583E-16
   -0.8136378375110717E-18
    0.3894767821933692E-20
   -0.1150386381363442E-20
    0.1090609894667166E-19
   -0.1086971674845867E-19
   -0.6314184003097804E-20
   -0.3140907273667386E-20
    0.1215152044505839E-19
    0.1574332621201990E-20
 outgoing bmpole=
    0.0000000000000000E+00
    0.0000000000000000E+00
   -0.3516861826793426E-05
    0.7655823323248106E-03
   -0.3213318976783639E-16
   -0.2467397088371288E-15
    0.1545354842364132E-16
   -0.1107388508431277E-18
    0.1527966719773489E-18
   -0.2719569316421314E-19
    0.1719463033213634E-14
    0.1010724378483009E-16
   -0.9651111070284229E-18
   -0.1760817703946153E-17
   -0.9986645893303569E-20
    0.4978475799586923E-18
   -0.5653964812643825E-18
    0.2937252568846885E-18
    0.3827571105657027E-20
   -0.2857030824972845E-20
    0.8066214235792305E-20
   -0.3035435682322161E-19
   -0.3015106940481699E-08
    0.6572282013606129E-06
   -0.2196334661559528E-19
   -0.2764110689691873E-18
    0.1855444457546109E-19
   -0.5892520010527673E-20
   -0.8247932949614881E-20
   -0.2820931190707369E-19
    0.3905526987627654E-20
   -0.8925363294029556E-20
 itype_mp=
               2
 n=
               1
 m=
               0
 outgoing ampole=
    0.0000000000000000E+00
    0.0000000000000000E+00
   -0.1153260698079704E-15
    0.3111216403744554E-16
   -0.2237600156068587E-12
    0.7195642809698219E-14
   -0.1050640058589035E-15
   -0.2667127587891243E-16
   -0.1634641598821376E-17
   -0.5825110953296364E-18
   -0.2550040779129397E-17
    0.1007286635274510E-16
   -0.9013199651416166E-17
   -0.3393012870588824E-18
   -0.1933439764711307E-17
   -0.1033746913129918E-16
   -0.1690333381219754E-17
    0.6244630469422194E-18
    0.7414296886974792E-19
    0.4600398131909483E-19
   -0.2483043228636331E-20
    0.8418904410572644E-19
    0.1252922040290287E-18
    0.1947680644911141E-18
    0.2404455128538364E-15
   -0.8108326436150535E-17
    0.1391050928520378E-18
   -0.1724994171440875E-18
    0.4239232501682616E-20
   -0.8491693050650935E-19
    0.7422434185271109E-19
   -0.4218195490391685E-19
 outgoing bmpole=
    0.0000000000000000E+00
    0.0000000000000000E+00
    0.2722929319432750E-16
    0.4891286075582413E-16
   -0.9179019465941490E-04
    0.3916448438819003E-02
   -0.3329068726385350E-16
    0.4540517170119571E-16
    0.9383289938527193E-18
    0.3926238423387932E-18
    0.2920409216171249E-17
   -0.4874690897651499E-18
   -0.6283825533213571E-17
   -0.2076152281153819E-17
   -0.2755812673745539E-17
   -0.8938430622620256E-18
   -0.1012591480793360E-17
    0.2783591284629651E-18
   -0.8082766798398400E-20
   -0.3100729689887136E-20
    0.3262205372031667E-19
    0.5196065086960123E-19
    0.2564493540490468E-19
    0.2259958992070713E-19
   -0.9659079866996034E-07
    0.4122506264601170E-05
   -0.2921253095908476E-19
    0.1972775374806995E-19
   -0.3646586389307589E-19
    0.4783734900526207E-19
    0.8827882912075830E-20
   -0.1766451025874053E-20
 itype_mp=
               2
 n=
               1
 m=
               1
 outgoing ampole=
    0.0000000000000000E+00
    0.0000000000000000E+00
    0.1571505510387910E-16
   -0.6137822367324968E-17
    0.4043741794943509E-16
   -0.6714732744259110E-17
   -0.3906000612475075E-13
    0.2290171478117100E-14
   -0.4053404906788880E-18
    0.6591341448955087E-18
    0.6779672827939998E-18
    0.1850235951285578E-17
    0.1761754445231576E-18
   -0.4467498526331953E-18
   -0.2527318125783564E-08
    0.1004191581742937E-05
   -0.3533011064584664E-18
    0.8840467541189320E-18
    0.1235724037465980E-19
   -0.1293440649704609E-20
   -0.6255865479491681E-20
    0.2845836945513470E-20
    0.1074224529663152E-19
    0.1182448193538643E-19
    0.6290107548398028E-20
   -0.5810183551382503E-20
    0.1238177585783627E-16
   -0.8935952085366997E-18
   -0.1493007707549415E-19
   -0.1119849411319227E-19
   -0.7426984363513263E-20
    0.2948830668395844E-20
 outgoing bmpole=
    0.0000000000000000E+00
    0.0000000000000000E+00
   -0.1503844894332413E-16
   -0.1188576453808226E-17
   -0.8691493140153643E-19
   -0.2422831645626529E-15
   -0.3516861826767290E-05
    0.7655823323248092E-03
    0.5431669581562432E-18
    0.3587199138628959E-18
   -0.5714947797236724E-19
    0.4736940806038774E-18
    0.2699409298352702E-18
   -0.1869270528855057E-17
   -0.1719625215297288E-14
   -0.6138472966634189E-17
   -0.1344461332375067E-18
   -0.1506463770564956E-19
   -0.3080247983632118E-20
   -0.8969775157082527E-20
    0.1248871620905681E-19
   -0.2744062929138284E-19
   -0.1589080703687618E-19
   -0.7008831520586849E-20
   -0.1862821215749957E-19
   -0.2818584556687376E-18
   -0.3015106940446877E-08
    0.6572282013606097E-06
   -0.3994735268218385E-20
   -0.3125821034031548E-19
   -0.3757402452003358E-20
   -0.2984594235481135E-20
 itype_mp=
               2
 n=
               2
 m=
              -2
 outgoing ampole=
    0.0000000000000000E+00
    0.0000000000000000E+00
   -0.2386929018289215E-18
   -0.1502670391368925E-18
    0.7639491178178383E-18
   -0.5472139426751120E-18
   -0.5538654645601701E-20
   -0.1253405250765169E-17
   -0.1176802883124680E-16
    0.7765122118801811E-18
    0.2017071871514530E-19
   -0.1483056106273508E-19
   -0.2441486264638907E-20
   -0.5252813625082699E-20
    0.2226269511239246E-20
   -0.1709963316010726E-20
    0.1427359241068027E-19
    0.1868199126620918E-20
   -0.7189078895511106E-22
   -0.1979713657299383E-21
    0.4499879659262790E-12
   -0.1662056654437001E-09
   -0.3413589842902552E-21
   -0.5000169688457033E-21
    0.1559263937314370E-21
    0.4587484207118693E-22
   -0.3676006479369898E-21
   -0.8748405531926257E-21
    0.5450641827865854E-22
    0.3483562039373775E-22
    0.5006717665978986E-14
    0.6589936871718614E-13
 outgoing bmpole=
    0.0000000000000000E+00
    0.0000000000000000E+00
   -0.4913094849268865E-19
   -0.3108085715588326E-18
    0.1730431780215659E-17
   -0.1752857579932834E-16
   -0.5785374102395201E-18
    0.2512378047921579E-18
   -0.9226813717068567E-09
    0.2618261146078326E-06
   -0.1854893541447250E-19
   -0.3218548406152095E-19
    0.1024266784848229E-18
   -0.1322103376428888E-18
   -0.1942033587700229E-20
   -0.5449629446385249E-19
    0.4977472613974432E-20
   -0.1458216394520229E-19
    0.4777044488478905E-22
   -0.1979025273422062E-22
    0.5210082818523842E-18
    0.3503444185477578E-20
   -0.6496903028824086E-21
   -0.3450119906494888E-21
    0.2292686342138388E-20
   -0.1936812676030739E-19
   -0.6422412578402856E-22
   -0.3100315092083223E-21
    0.4533991424302655E-21
   -0.2090853038358178E-21
   -0.3949191758043107E-17
   -0.2551813770716467E-19
 itype_mp=
               2
 n=
               2
 m=
              -1
 outgoing ampole=
    0.0000000000000000E+00
    0.0000000000000000E+00
    0.6095575779563708E-08
   -0.1547061463498065E-05
    0.1438680525100188E-18
   -0.2070104275733235E-18
   -0.8085536928269691E-18
    0.2033636472347975E-18
   -0.1576124979496307E-19
    0.1672939079005738E-19
    0.1982823595606202E-16
   -0.1551710919398408E-17
    0.5807963167226856E-19
   -0.1301616612446408E-19
    0.3019508438747852E-19
   -0.1963675645313694E-19
    0.1644020581749674E-19
   -0.2972826868246620E-19
   -0.6405549132755390E-22
   -0.3450247917158982E-21
   -0.7399747874134143E-21
    0.1907139448145763E-21
    0.5065561417083107E-11
   -0.1562678366229371E-08
    0.1295656017932192E-21
    0.6558075145254489E-21
    0.3526197427904628E-21
   -0.2430242225898907E-20
   -0.7115595549396167E-21
   -0.1111864053843802E-23
   -0.2159273432085079E-21
    0.5290947218177500E-21
 outgoing bmpole=
    0.0000000000000000E+00
    0.0000000000000000E+00
    0.2281189054770736E-15
   -0.3096680698997042E-17
    0.2778377822632194E-16
   -0.1794848361516524E-16
   -0.4132225869152678E-18
    0.2897285654045257E-18
    0.1804987565189871E-19
   -0.1210123681121731E-19
   -0.6057380433333013E-08
    0.1497245962440229E-05
   -0.1187811223823019E-18
   -0.1588319536604141E-18
    0.1533321557375362E-19
    0.2328718169938833E-19
   -0.2081342629754764E-20
   -0.1864517435423077E-19
    0.1436837411883790E-21
   -0.1002689244609468E-22
    0.6942566930941790E-22
   -0.5733627034967424E-21
   -0.1454780274434089E-17
   -0.8364419518985253E-20
    0.3346881395873217E-19
   -0.1971116552535028E-19
    0.1132270521177882E-20
    0.1130671171615469E-20
   -0.5466144180533874E-21
   -0.2267050573864511E-21
    0.3964333519234853E-22
   -0.2154589286764257E-21
 itype_mp=
               2
 n=
               2
 m=
               0
 outgoing ampole=
    0.0000000000000000E+00
    0.0000000000000000E+00
   -0.1000753322094124E-17
    0.3749518048440069E-17
   -0.3211537693658484E-17
   -0.7402269736466042E-19
   -0.9652815984232658E-18
   -0.3855841478128380E-17
    0.8470452058285463E-20
    0.1826154990610427E-19
    0.2674007342863023E-19
    0.1161431622154567E-18
    0.9847564012808123E-16
   -0.4680172121127641E-17
    0.3670909773965939E-19
   -0.9921159608496200E-19
    0.9570714688514816E-20
   -0.1753868779326392E-19
    0.3417807010545685E-21
   -0.5983661905261854E-21
   -0.1141864659205464E-20
    0.1326592113470971E-20
   -0.1876460745478001E-20
    0.8963259153033896E-20
   -0.1110362299350447E-19
   -0.1654804309693908E-21
   -0.2057193042431968E-20
   -0.9042244737111719E-20
   -0.1314080018073464E-20
   -0.1381593952613142E-20
    0.3102448820856666E-21
    0.6055865797851488E-21
 outgoing bmpole=
    0.0000000000000000E+00
    0.0000000000000000E+00
    0.4557951091477376E-18
   -0.1113547800575806E-17
   -0.6551705568685822E-17
   -0.7265443658221283E-16
   -0.3490904020476390E-18
   -0.1246902467866923E-17
    0.2938848971551562E-20
    0.2600471120506424E-19
    0.4610491015159150E-19
    0.1105885694584365E-19
   -0.3922566298449310E-07
    0.4293930365213903E-05
   -0.4792560843946099E-19
    0.7255718634775837E-20
   -0.3952467714412112E-20
    0.2515297318053927E-19
   -0.1103386612925749E-21
    0.1398406781799041E-21
    0.4231105130743923E-22
    0.8808092463406918E-21
    0.4875338391265260E-20
   -0.2148092876184620E-20
   -0.8579115641257963E-20
   -0.6412402144470717E-19
   -0.4644191363834752E-20
   -0.2662296953436342E-20
   -0.2080460662403782E-21
    0.8701483092379527E-21
    0.8178967073711188E-22
    0.1453111747230171E-21
 itype_mp=
               2
 n=
               2
 m=
               1
 outgoing ampole=
    0.0000000000000000E+00
    0.0000000000000000E+00
   -0.7837624349387735E-18
   -0.2187896992771070E-18
    0.1649269248874225E-18
    0.1486854835792806E-18
   -0.6095575782265874E-08
    0.1547061463498039E-05
    0.1611784884068308E-19
    0.3145963329154339E-19
    0.2692790948471897E-19
    0.2355533321360708E-19
    0.6299069339869612E-19
    0.1221719566315611E-19
    0.1982980294661852E-16
   -0.1618983208991214E-17
   -0.1587414161588868E-19
   -0.1663054356770663E-19
   -0.2235724535636970E-21
   -0.5289484239159283E-21
   -0.7413207281101726E-21
   -0.4630537589654749E-22
    0.2745593623185342E-21
    0.2442924164016810E-20
    0.4704104534570731E-22
   -0.7779641725764195E-21
   -0.5065561424599646E-11
    0.1562678366229366E-08
   -0.7675373121165948E-21
   -0.2048734917408766E-21
   -0.5620974384986663E-22
    0.3503082359416823E-21
 outgoing bmpole=
    0.0000000000000000E+00
    0.0000000000000000E+00
    0.3434682823590781E-18
    0.3214046192722038E-18
   -0.3104825228589650E-16
   -0.1680195240923156E-16
   -0.2282581692169378E-15
    0.6440879390535126E-17
    0.5256993565134743E-20
   -0.1866110828570916E-19
   -0.1551357998699934E-19
    0.2248836171592223E-19
    0.6343794698426486E-19
   -0.1863344209849269E-18
   -0.6057380433247039E-08
    0.1497245962440234E-05
   -0.1641347092092386E-19
   -0.1428043079260542E-19
   -0.7126275296229140E-23
   -0.2207687587737883E-21
    0.5566569852746772E-21
   -0.1650235107622051E-21
   -0.1322893944165706E-20
    0.9348984543529057E-21
   -0.3730279030002644E-19
   -0.1854930533916710E-19
    0.1454276303932828E-17
    0.1780587060637561E-19
    0.3627482600290728E-22
   -0.5449044307027213E-21
   -0.1400822983083812E-21
   -0.3385157106929787E-22
 itype_mp=
               2
 n=
               2
 m=
               2
 outgoing ampole=
    0.0000000000000000E+00
    0.0000000000000000E+00
   -0.1861056445059984E-19
    0.1257976566964166E-17
    0.6523798968037317E-18
    0.4536303683540644E-18
   -0.2170091116939770E-18
    0.1194555975090997E-18
    0.1434394916163628E-19
   -0.1701670314947470E-20
    0.2526957678823110E-20
    0.1461708316439707E-20
   -0.2954649144948289E-20
    0.5887228206421784E-20
    0.2121082155817560E-19
    0.1507747848148945E-19
   -0.1176820598128614E-16
    0.7629467347538376E-18
   -0.5006717653010721E-14
   -0.6589936871083263E-13
    0.7283127546682105E-22
   -0.2783840074661549E-22
   -0.3786942088351155E-21
    0.8756180220423060E-21
    0.2394478658813615E-22
   -0.1295781416133754E-21
   -0.3182439158024499E-21
    0.5086192854728106E-21
   -0.4499879663389361E-12
    0.1662056654437388E-09
   -0.7768836580729660E-22
    0.1967685879799625E-21
 outgoing bmpole=
    0.0000000000000000E+00
    0.0000000000000000E+00
    0.5565235051590253E-18
    0.3219690783768319E-18
   -0.3356402845788278E-17
   -0.1705258897144663E-16
    0.9407901425553631E-19
   -0.3248218707425919E-18
   -0.3573514349293770E-20
   -0.1452621126766562E-19
    0.9567030071358938E-20
   -0.5421232605647681E-19
   -0.1559385594469585E-18
   -0.1257507878646010E-18
    0.2233810123093134E-19
   -0.3016664825530446E-19
   -0.9226813717022805E-09
    0.2618261146078329E-06
    0.3949180483961048E-17
    0.2575307620146864E-19
   -0.4204656560064612E-21
   -0.2747006965415440E-21
    0.8656681972409209E-22
   -0.3101087074761586E-21
   -0.4081667555122887E-20
   -0.1887418771819940E-19
    0.6856127076896779E-21
   -0.2640580466765325E-21
   -0.5210414368610888E-18
   -0.2601847052273056E-20
   -0.4096497998755431E-22
   -0.1513647729033904E-22
 itype_mp=
               2
 n=
               3
 m=
              -3
 outgoing ampole=
    0.0000000000000000E+00
    0.0000000000000000E+00
   -0.1903176864976425E-20
   -0.4519284305229537E-20
   -0.4128443190603180E-20
    0.6349362378575810E-20
    0.8603587328883128E-20
    0.6611661976721698E-21
   -0.5251258687383338E-22
    0.3217717852063754E-22
    0.1831775129007403E-21
   -0.4273570709210160E-22
   -0.6118596248182544E-22
   -0.2938685953889532E-21
    0.1298874571772266E-21
    0.2980297257107634E-23
    0.3663291729888790E-14
    0.4037232577498631E-13
   -0.1659108879516151E-20
    0.1146034410653631E-21
    0.3715313590634310E-23
   -0.3129403556151654E-23
   -0.4334336587716756E-23
   -0.2012771758185989E-23
    0.2245280923580957E-23
   -0.2440758432577344E-23
    0.8877539554909103E-23
    0.6600060030614742E-23
    0.7136268357285439E-20
   -0.5057851554943979E-21
    0.1142233930784436E-23
    0.1033277915287202E-23
 outgoing bmpole=
    0.0000000000000000E+00
    0.0000000000000000E+00
   -0.4988507655711829E-21
    0.1269497953086499E-20
   -0.1293119003317604E-19
    0.1119148362223548E-18
    0.2582968875520504E-20
   -0.8819096678086432E-20
    0.3498087331054630E-24
   -0.8424682237208084E-22
   -0.1123991104919795E-21
    0.4551406099544484E-22
   -0.3576722453283714E-22
    0.1523450668129397E-21
    0.4071005589363025E-21
   -0.1515724636747263E-21
   -0.3535094315226430E-17
   -0.2080658922185376E-19
   -0.1490546421188259E-12
    0.4313909549396947E-10
   -0.5705034448943449E-23
   -0.7797186289377564E-23
   -0.7010233996605601E-23
   -0.8328158073688880E-23
   -0.3276330132794755E-22
    0.1652529609993027E-21
    0.4449809472640835E-23
   -0.5068220173817219E-23
    0.2174980856925636E-15
   -0.4031244721679760E-13
   -0.2139002682179563E-23
   -0.1995382554453851E-23
 itype_mp=
               2
 n=
               3
 m=
              -2
 outgoing ampole=
    0.0000000000000000E+00
    0.0000000000000000E+00
    0.2004980140931976E-19
   -0.1539555519968981E-19
   -0.8923804176390143E-20
   -0.1514970784558877E-19
    0.8429969338881414E-20
   -0.2219447849074310E-19
    0.7022086230492022E-12
   -0.2256354310602182E-09
   -0.5394797828770541E-21
   -0.5332934716000285E-21
    0.5341754389510098E-22
   -0.2993422268871053E-21
   -0.5851163683652746E-21
   -0.2689875022291591E-21
   -0.1516398652080655E-21
    0.4317752675560269E-21
    0.4984578512062907E-24
    0.2759348238419101E-23
    0.5791884945890997E-20
   -0.4065887775261804E-21
    0.2442417346285499E-22
   -0.1484714706486159E-22
   -0.5316426565257242E-23
   -0.2553878060235795E-22
    0.2703493789473658E-22
   -0.1712325504632638E-22
    0.5099265617240874E-23
    0.1517592547458021E-22
    0.2106314832545380E-20
   -0.1411295365703266E-21
 outgoing bmpole=
    0.0000000000000000E+00
    0.0000000000000000E+00
   -0.7469067999957246E-20
   -0.4165098756895578E-19
    0.9840402581499095E-18
   -0.5554042676909297E-18
   -0.3867046459508534E-20
   -0.1757674823740781E-19
   -0.5824099765894824E-19
   -0.3395211168986220E-21
   -0.7672755433708355E-21
   -0.6949218260549605E-21
   -0.6283292156143170E-20
   -0.6297644502804371E-20
   -0.5506235030558044E-21
   -0.3405418060100806E-21
    0.1849398801251835E-21
   -0.3027977310788797E-21
    0.5772105342493392E-23
   -0.3941629382939469E-23
   -0.1024674716387753E-11
    0.2844153741717437E-09
    0.1862302080257806E-23
   -0.6030938741679013E-22
    0.1029712538677057E-20
   -0.6081262362524731E-21
   -0.2524652462294271E-22
   -0.7096752632723858E-22
    0.7692526550154525E-23
   -0.2158373683660986E-22
    0.2481687942313554E-15
   -0.4797993200555288E-13
 itype_mp=
               2
 n=
               3
 m=
              -1
 outgoing ampole=
    0.0000000000000000E+00
    0.0000000000000000E+00
    0.2928696602530029E-16
   -0.2011403471529712E-17
   -0.5852156837409111E-19
    0.2717459282683042E-19
    0.3017635825604536E-19
    0.3875506658173871E-20
   -0.6292439954947069E-21
    0.2171687854039651E-21
    0.7978136531522462E-11
   -0.2058354138391249E-08
   -0.7939064639349167E-21
    0.1589656803925292E-20
    0.2073668259819210E-21
   -0.1568631182971002E-20
   -0.4236264744245664E-21
   -0.3680437215825065E-23
   -0.2403367562580541E-23
    0.2830603153993795E-24
   -0.4445927924793677E-22
    0.3322876000154326E-22
    0.3816166143919293E-19
   -0.2392754825411527E-20
   -0.9422257586410129E-22
   -0.2494202884836530E-22
   -0.5335170983928129E-23
   -0.6388672624795261E-22
    0.1378021736657727E-22
   -0.1043711437526484E-22
   -0.3767824087538117E-23
    0.1008387678508544E-22
 outgoing bmpole=
    0.0000000000000000E+00
    0.0000000000000000E+00
   -0.3014435265069618E-08
    0.6572181725527533E-06
   -0.2031422809535933E-17
   -0.2769093329756737E-17
    0.2573146016398200E-19
    0.9478833336260802E-20
    0.6061775188100066E-22
   -0.4063600564314576E-21
    0.5976625454050577E-18
    0.1109224500074812E-19
    0.2493153458637214E-19
   -0.2571951102160447E-19
    0.6419554544392271E-21
    0.1088539596484014E-20
   -0.3202058751643782E-21
    0.2104767013806420E-21
    0.7314311368980530E-23
   -0.6626174451008252E-23
    0.1894367149439030E-22
   -0.5384751734214586E-22
   -0.7571513274596088E-11
    0.1765037105518670E-08
   -0.2402831370973630E-20
   -0.3127291723079812E-20
    0.7697717186648841E-22
    0.1977581887872841E-22
   -0.1098145359969865E-22
   -0.5219294800100591E-22
    0.6984736974584036E-23
   -0.1330778617335128E-22
 itype_mp=
               2
 n=
               3
 m=
               0
 outgoing ampole=
    0.0000000000000000E+00
    0.0000000000000000E+00
   -0.6577275229640299E-19
    0.3963598894770706E-19
   -0.1494374072854447E-15
    0.3311465586933877E-17
   -0.5677919537039435E-19
   -0.3120881389875044E-19
   -0.1592453118508546E-20
    0.7310355937427375E-21
   -0.3131670945039416E-20
    0.1361412444427737E-19
   -0.1356086292970703E-19
   -0.5545990623061317E-21
   -0.2505246743634975E-20
   -0.1401693142104147E-19
   -0.1719634391059890E-20
   -0.7263078856091853E-21
    0.6428890158842396E-22
    0.3048733060281504E-22
   -0.2027781375928538E-22
    0.8550908568982363E-22
    0.2230903450336758E-21
    0.2413277163622871E-21
    0.2549712222838182E-18
   -0.8453363366769007E-20
    0.2327228888117183E-21
   -0.2069169252370518E-21
   -0.1385255400491934E-22
   -0.8754815555717495E-22
    0.6483546752896947E-22
   -0.2731903707218991E-22
 outgoing bmpole=
    0.0000000000000000E+00
    0.0000000000000000E+00
    0.3362808587198276E-19
    0.1044483420204846E-19
   -0.9662308427173729E-07
    0.4123274270470174E-05
   -0.3459435425393375E-19
    0.6540084683270490E-20
    0.5095503671194035E-21
    0.3650101300897353E-21
    0.4423200415122573E-20
   -0.2507384717660032E-20
   -0.2938978386414267E-20
    0.7798981890390999E-19
   -0.4155317200805913E-20
   -0.3050788060047345E-20
   -0.6034474954635152E-21
    0.3153660270766174E-21
   -0.5873101511211830E-23
    0.2886460868517403E-23
    0.1140214987083517E-22
    0.9294465716053369E-22
    0.6491435471301322E-22
    0.4846012274745825E-22
   -0.1185065615966182E-09
    0.6895638908466792E-08
   -0.7438678464236054E-22
    0.4222757496557955E-22
   -0.2102150428481459E-22
    0.9055970745880747E-22
    0.5869860424882414E-23
    0.3951594498810615E-23
 itype_mp=
               2
 n=
               3
 m=
               1
 outgoing ampole=
    0.0000000000000000E+00
    0.0000000000000000E+00
    0.2962373674164467E-19
   -0.3314926537914097E-20
   -0.6048005420583618E-19
   -0.1432883449840809E-21
    0.2928803743746179E-16
   -0.2027618562495766E-17
   -0.4127816199595374E-21
   -0.1777101513126662E-22
    0.2091140409236756E-21
    0.1650173453506283E-20
   -0.9950096497488492E-21
   -0.1567233515516099E-20
   -0.7978136538804954E-11
    0.2058354138391445E-08
   -0.6288552610698668E-21
   -0.2274232233366429E-21
   -0.3326121984850992E-23
   -0.9810090711676532E-23
    0.1428089581093621E-22
    0.1047819534858884E-22
   -0.6130469890392883E-23
    0.6826978526190101E-22
   -0.9558347290885830E-22
    0.4800401536308785E-22
    0.3816539041999355E-19
   -0.2455208485337262E-20
   -0.4343493268893265E-22
   -0.3337845410465710E-22
   -0.2665332243029759E-23
   -0.2992575831010514E-24
 outgoing bmpole=
    0.0000000000000000E+00
    0.0000000000000000E+00
   -0.2504651846729380E-19
    0.6567153975047529E-20
    0.1278225868552290E-17
   -0.3039121754097176E-17
   -0.3014435264999139E-08
    0.6572181725527782E-06
    0.2686891590079444E-21
    0.2462031714979718E-21
   -0.8802804186125449E-21
    0.9514585931003457E-21
   -0.3206410173736462E-19
   -0.1570800571858013E-19
   -0.5981570052323871E-18
   -0.1735935896016610E-20
    0.2561780759396691E-23
   -0.3905165814682532E-21
   -0.5356331930441603E-23
   -0.1385341938313323E-22
    0.1828735202292990E-22
   -0.4983685784631870E-22
   -0.7955069237939065E-22
    0.1071826432743731E-22
    0.1456634636627394E-20
   -0.3486085963918287E-20
   -0.7571513274431240E-11
    0.1765037105518690E-08
   -0.1230750284345537E-22
   -0.5567262155317892E-22
   -0.6677286872259886E-23
   -0.7155461401084723E-23
 itype_mp=
               2
 n=
               3
 m=
               2
 outgoing ampole=
    0.0000000000000000E+00
    0.0000000000000000E+00
    0.8444950244027941E-20
    0.2187773935335938E-19
   -0.8244179363448146E-20
    0.1632196367330451E-19
    0.2048665530403902E-19
    0.1577328802231296E-19
   -0.1560455220229203E-21
   -0.4271062745178934E-21
   -0.6169758714419567E-21
    0.2636371789625423E-21
   -0.9241429461064890E-22
    0.3314734260671703E-21
   -0.5622855358010082E-21
    0.5397013196998125E-21
   -0.7022086234685233E-12
    0.2256354310602425E-09
    0.2106316465334463E-20
   -0.1459149148142843E-21
    0.5474937729418362E-23
   -0.1549660525044799E-22
    0.2814810817984665E-22
    0.2045845533847790E-22
   -0.8472281304550740E-23
    0.2656861333268038E-22
    0.2583176827538093E-22
    0.1674405610972998E-22
    0.5792308545445290E-20
   -0.4157950954908081E-21
    0.4587484207118693E-24
   -0.2738481193940536E-23
 outgoing bmpole=
    0.0000000000000000E+00
    0.0000000000000000E+00
    0.5379783484103598E-20
   -0.1737647894963426E-19
   -0.1085825944917721E-17
   -0.4571584885543931E-18
    0.1172153837178469E-19
   -0.3978586905815322E-19
   -0.1648604931001754E-21
   -0.3122086048598044E-21
    0.6341308679080533E-21
   -0.2087383688114981E-21
    0.5224984629201200E-20
   -0.7280307654624494E-20
    0.8387969301238472E-21
   -0.6039315847707925E-21
    0.5817998888367621E-19
    0.1217741674115832E-20
    0.2481688005741532E-15
   -0.4797993200547790E-13
   -0.5280962386378178E-23
   -0.2231287512943834E-22
    0.3234356942286307E-22
   -0.6796077023329028E-22
   -0.1151263091133577E-20
   -0.5063919774750589E-21
    0.5603299443165030E-23
   -0.5987842498429532E-22
   -0.1024674716380336E-11
    0.2844153741717443E-09
   -0.4432614162612283E-23
   -0.4643097003279876E-23
 itype_mp=
               2
 n=
               3
 m=
               3
 outgoing ampole=
    0.0000000000000000E+00
    0.0000000000000000E+00
    0.8705912261357175E-20
   -0.5326246811917014E-21
   -0.4416825614673825E-20
   -0.5642852191219062E-20
   -0.1870138618805066E-20
    0.4917348356265826E-20
   -0.3663291754700915E-14
   -0.4037232576669331E-13
    0.1216947746752197E-21
    0.1285331566003643E-22
   -0.6839635907160197E-22
    0.2928758596265927E-21
    0.1904088091907770E-21
    0.6070108943578830E-22
   -0.4872556118668118E-22
   -0.3232347642245909E-22
    0.1021015669275150E-23
   -0.1005749091350691E-23
    0.7136127414931808E-20
   -0.5058279998799313E-21
    0.8864738488499717E-23
   -0.6515612179250783E-23
    0.2339003016935389E-23
    0.3619109657873976E-23
   -0.4385671476480926E-23
    0.2700371896747287E-23
    0.3884731785868734E-23
    0.3459520852918189E-23
   -0.1659112929598447E-20
    0.1131637782752504E-21
 outgoing bmpole=
    0.0000000000000000E+00
    0.0000000000000000E+00
   -0.1739147657454100E-20
   -0.8826578770779591E-20
    0.1354515425781050E-19
    0.1136232843100967E-18
    0.2614803298956874E-21
    0.1136241464227324E-20
    0.3535082893148368E-17
    0.2102110766401847E-19
   -0.3832649732820260E-21
   -0.2064336543653021E-21
    0.1251436170875362E-21
    0.6566845835091818E-22
    0.1066280501344992E-21
    0.6109295881566746E-22
    0.1234754291373906E-22
   -0.9314552287350342E-22
    0.2280757348378142E-23
   -0.1730398744941163E-23
    0.2174980923347781E-15
   -0.4031244721655116E-13
   -0.3915844581842056E-23
   -0.5609106049340843E-23
    0.2631461972443490E-22
    0.1700611294071306E-21
    0.7983602839457423E-23
   -0.7279654400204290E-23
    0.6637001883613767E-23
   -0.7046135967057498E-23
   -0.1490546421182277E-12
    0.4313909549396937E-10
